  2   1
     1  0.5000000E+00  0.0000000E+00  0.0000000E+00
     2  0.4988834E+00  0.3339632E-01  0.0000000E+00
     3  0.4955387E+00  0.6664348E-01  0.0000000E+00
     4  0.4899808E+00  0.9959299E-01  0.0000000E+00
     5  0.4822346E+00  0.1320977E+00  0.0000000E+00
     6  0.4723345E+00  0.1640124E+00  0.0000000E+00
     7  0.4603249E+00  0.1951946E+00  0.0000000E+00
     8  0.4462594E+00  0.2255051E+00  0.0000000E+00
     9  0.4302008E+00  0.2548083E+00  0.0000000E+00
    10  0.4122208E+00  0.2829736E+00  0.0000000E+00
    11  0.3923997E+00  0.3098750E+00  0.0000000E+00
    12  0.3708261E+00  0.3353924E+00  0.0000000E+00
    13  0.3475962E+00  0.3594118E+00  0.0000000E+00
    14  0.3228139E+00  0.3818261E+00  0.0000000E+00
    15  0.2965899E+00  0.4025350E+00  0.0000000E+00
    16  0.2690412E+00  0.4214461E+00  0.0000000E+00
    17  0.2402909E+00  0.4384750E+00  0.0000000E+00
    18  0.2104674E+00  0.4535455E+00  0.0000000E+00
    19  0.1797039E+00  0.4665903E+00  0.0000000E+00
    20  0.1481378E+00  0.4775513E+00  0.0000000E+00
    21  0.1159101E+00  0.4863793E+00  0.0000000E+00
    22  0.8316468E-01  0.4930351E+00  0.0000000E+00
    23  0.5004784E-01  0.4974889E+00  0.0000000E+00
    24  0.1670749E-01  0.4997208E+00  0.0000000E+00
    25 -0.1670749E-01  0.4997208E+00  0.0000000E+00
    26 -0.5004784E-01  0.4974889E+00  0.0000000E+00
    27 -0.8316468E-01  0.4930351E+00  0.0000000E+00
    28 -0.1159101E+00  0.4863793E+00  0.0000000E+00
    29 -0.1481378E+00  0.4775513E+00  0.0000000E+00
    30 -0.1797039E+00  0.4665903E+00  0.0000000E+00
    31 -0.2104674E+00  0.4535455E+00  0.0000000E+00
    32 -0.2402909E+00  0.4384750E+00  0.0000000E+00
    33 -0.2690412E+00  0.4214461E+00  0.0000000E+00
    34 -0.2965899E+00  0.4025350E+00  0.0000000E+00
    35 -0.3228139E+00  0.3818261E+00  0.0000000E+00
    36 -0.3475962E+00  0.3594118E+00  0.0000000E+00
    37 -0.3708261E+00  0.3353924E+00  0.0000000E+00
    38 -0.3923997E+00  0.3098750E+00  0.0000000E+00
    39 -0.4122208E+00  0.2829736E+00  0.0000000E+00
    40 -0.4302008E+00  0.2548083E+00  0.0000000E+00
    41 -0.4462594E+00  0.2255051E+00  0.0000000E+00
    42 -0.4603249E+00  0.1951946E+00  0.0000000E+00
    43 -0.4723345E+00  0.1640124E+00  0.0000000E+00
    44 -0.4822346E+00  0.1320977E+00  0.0000000E+00
    45 -0.4899808E+00  0.9959299E-01  0.0000000E+00
    46 -0.4955387E+00  0.6664348E-01  0.0000000E+00
    47 -0.4988834E+00  0.3339632E-01  0.0000000E+00
    48 -0.5000000E+00  0.6125740E-16  0.0000000E+00
    49  0.5000000E+00  0.0000000E+00 -0.8181818E-01
    50  0.4988834E+00  0.3339632E-01 -0.8181818E-01
    51  0.4955387E+00  0.6664348E-01 -0.8181818E-01
    52  0.4899808E+00  0.9959299E-01 -0.8181818E-01
    53  0.4822346E+00  0.1320977E+00 -0.8181818E-01
    54  0.4723345E+00  0.1640124E+00 -0.8181818E-01
    55  0.4603249E+00  0.1951946E+00 -0.8181818E-01
    56  0.4462594E+00  0.2255051E+00 -0.8181818E-01
    57  0.4302008E+00  0.2548083E+00 -0.8181818E-01
    58  0.4122208E+00  0.2829736E+00 -0.8181818E-01
    59  0.3923997E+00  0.3098750E+00 -0.8181818E-01
    60  0.3708261E+00  0.3353924E+00 -0.8181818E-01
    61  0.3475962E+00  0.3594118E+00 -0.8181818E-01
    62  0.3228139E+00  0.3818261E+00 -0.8181818E-01
    63  0.2965899E+00  0.4025350E+00 -0.8181818E-01
    64  0.2690412E+00  0.4214461E+00 -0.8181818E-01
    65  0.2402909E+00  0.4384750E+00 -0.8181818E-01
    66  0.2104674E+00  0.4535455E+00 -0.8181818E-01
    67  0.1797039E+00  0.4665903E+00 -0.8181818E-01
    68  0.1481378E+00  0.4775513E+00 -0.8181818E-01
    69  0.1159101E+00  0.4863793E+00 -0.8181818E-01
    70  0.8316468E-01  0.4930351E+00 -0.8181818E-01
    71  0.5004784E-01  0.4974889E+00 -0.8181818E-01
    72  0.1670749E-01  0.4997208E+00 -0.8181818E-01
    73 -0.1670749E-01  0.4997208E+00 -0.8181818E-01
    74 -0.5004784E-01  0.4974889E+00 -0.8181818E-01
    75 -0.8316468E-01  0.4930351E+00 -0.8181818E-01
    76 -0.1159101E+00  0.4863793E+00 -0.8181818E-01
    77 -0.1481378E+00  0.4775513E+00 -0.8181818E-01
    78 -0.1797039E+00  0.4665903E+00 -0.8181818E-01
    79 -0.2104674E+00  0.4535455E+00 -0.8181818E-01
    80 -0.2402909E+00  0.4384750E+00 -0.8181818E-01
    81 -0.2690412E+00  0.4214461E+00 -0.8181818E-01
    82 -0.2965899E+00  0.4025350E+00 -0.8181818E-01
    83 -0.3228139E+00  0.3818261E+00 -0.8181818E-01
    84 -0.3475962E+00  0.3594118E+00 -0.8181818E-01
    85 -0.3708261E+00  0.3353924E+00 -0.8181818E-01
    86 -0.3923997E+00  0.3098750E+00 -0.8181818E-01
    87 -0.4122208E+00  0.2829736E+00 -0.8181818E-01
    88 -0.4302008E+00  0.2548083E+00 -0.8181818E-01
    89 -0.4462594E+00  0.2255051E+00 -0.8181818E-01
    90 -0.4603249E+00  0.1951946E+00 -0.8181818E-01
    91 -0.4723345E+00  0.1640124E+00 -0.8181818E-01
    92 -0.4822346E+00  0.1320977E+00 -0.8181818E-01
    93 -0.4899808E+00  0.9959299E-01 -0.8181818E-01
    94 -0.4955387E+00  0.6664348E-01 -0.8181818E-01
    95 -0.4988834E+00  0.3339632E-01 -0.8181818E-01
    96 -0.5000000E+00  0.6125740E-16 -0.8181818E-01
    97  0.5000000E+00  0.0000000E+00 -0.1636364E+00
    98  0.4988834E+00  0.3339632E-01 -0.1636364E+00
    99  0.4955387E+00  0.6664348E-01 -0.1636364E+00
   100  0.4899808E+00  0.9959299E-01 -0.1636364E+00
   101  0.4822346E+00  0.1320977E+00 -0.1636364E+00
   102  0.4723345E+00  0.1640124E+00 -0.1636364E+00
   103  0.4603249E+00  0.1951946E+00 -0.1636364E+00
   104  0.4462594E+00  0.2255051E+00 -0.1636364E+00
   105  0.4302008E+00  0.2548083E+00 -0.1636364E+00
   106  0.4122208E+00  0.2829736E+00 -0.1636364E+00
   107  0.3923997E+00  0.3098750E+00 -0.1636364E+00
   108  0.3708261E+00  0.3353924E+00 -0.1636364E+00
   109  0.3475962E+00  0.3594118E+00 -0.1636364E+00
   110  0.3228139E+00  0.3818261E+00 -0.1636364E+00
   111  0.2965899E+00  0.4025350E+00 -0.1636364E+00
   112  0.2690412E+00  0.4214461E+00 -0.1636364E+00
   113  0.2402909E+00  0.4384750E+00 -0.1636364E+00
   114  0.2104674E+00  0.4535455E+00 -0.1636364E+00
   115  0.1797039E+00  0.4665903E+00 -0.1636364E+00
   116  0.1481378E+00  0.4775513E+00 -0.1636364E+00
   117  0.1159101E+00  0.4863793E+00 -0.1636364E+00
   118  0.8316468E-01  0.4930351E+00 -0.1636364E+00
   119  0.5004784E-01  0.4974889E+00 -0.1636364E+00
   120  0.1670749E-01  0.4997208E+00 -0.1636364E+00
   121 -0.1670749E-01  0.4997208E+00 -0.1636364E+00
   122 -0.5004784E-01  0.4974889E+00 -0.1636364E+00
   123 -0.8316468E-01  0.4930351E+00 -0.1636364E+00
   124 -0.1159101E+00  0.4863793E+00 -0.1636364E+00
   125 -0.1481378E+00  0.4775513E+00 -0.1636364E+00
   126 -0.1797039E+00  0.4665903E+00 -0.1636364E+00
   127 -0.2104674E+00  0.4535455E+00 -0.1636364E+00
   128 -0.2402909E+00  0.4384750E+00 -0.1636364E+00
   129 -0.2690412E+00  0.4214461E+00 -0.1636364E+00
   130 -0.2965899E+00  0.4025350E+00 -0.1636364E+00
   131 -0.3228139E+00  0.3818261E+00 -0.1636364E+00
   132 -0.3475962E+00  0.3594118E+00 -0.1636364E+00
   133 -0.3708261E+00  0.3353924E+00 -0.1636364E+00
   134 -0.3923997E+00  0.3098750E+00 -0.1636364E+00
   135 -0.4122208E+00  0.2829736E+00 -0.1636364E+00
   136 -0.4302008E+00  0.2548083E+00 -0.1636364E+00
   137 -0.4462594E+00  0.2255051E+00 -0.1636364E+00
   138 -0.4603249E+00  0.1951946E+00 -0.1636364E+00
   139 -0.4723345E+00  0.1640124E+00 -0.1636364E+00
   140 -0.4822346E+00  0.1320977E+00 -0.1636364E+00
   141 -0.4899808E+00  0.9959299E-01 -0.1636364E+00
   142 -0.4955387E+00  0.6664348E-01 -0.1636364E+00
   143 -0.4988834E+00  0.3339632E-01 -0.1636364E+00
   144 -0.5000000E+00  0.6125740E-16 -0.1636364E+00
   145  0.5000000E+00  0.0000000E+00 -0.2454545E+00
   146  0.4988834E+00  0.3339632E-01 -0.2454545E+00
   147  0.4955387E+00  0.6664348E-01 -0.2454545E+00
   148  0.4899808E+00  0.9959299E-01 -0.2454545E+00
   149  0.4822346E+00  0.1320977E+00 -0.2454545E+00
   150  0.4723345E+00  0.1640124E+00 -0.2454545E+00
   151  0.4603249E+00  0.1951946E+00 -0.2454545E+00
   152  0.4462594E+00  0.2255051E+00 -0.2454545E+00
   153  0.4302008E+00  0.2548083E+00 -0.2454545E+00
   154  0.4122208E+00  0.2829736E+00 -0.2454545E+00
   155  0.3923997E+00  0.3098750E+00 -0.2454545E+00
   156  0.3708261E+00  0.3353924E+00 -0.2454545E+00
   157  0.3475962E+00  0.3594118E+00 -0.2454545E+00
   158  0.3228139E+00  0.3818261E+00 -0.2454545E+00
   159  0.2965899E+00  0.4025350E+00 -0.2454545E+00
   160  0.2690412E+00  0.4214461E+00 -0.2454545E+00
   161  0.2402909E+00  0.4384750E+00 -0.2454545E+00
   162  0.2104674E+00  0.4535455E+00 -0.2454545E+00
   163  0.1797039E+00  0.4665903E+00 -0.2454545E+00
   164  0.1481378E+00  0.4775513E+00 -0.2454545E+00
   165  0.1159101E+00  0.4863793E+00 -0.2454545E+00
   166  0.8316468E-01  0.4930351E+00 -0.2454545E+00
   167  0.5004784E-01  0.4974889E+00 -0.2454545E+00
   168  0.1670749E-01  0.4997208E+00 -0.2454545E+00
   169 -0.1670749E-01  0.4997208E+00 -0.2454545E+00
   170 -0.5004784E-01  0.4974889E+00 -0.2454545E+00
   171 -0.8316468E-01  0.4930351E+00 -0.2454545E+00
   172 -0.1159101E+00  0.4863793E+00 -0.2454545E+00
   173 -0.1481378E+00  0.4775513E+00 -0.2454545E+00
   174 -0.1797039E+00  0.4665903E+00 -0.2454545E+00
   175 -0.2104674E+00  0.4535455E+00 -0.2454545E+00
   176 -0.2402909E+00  0.4384750E+00 -0.2454545E+00
   177 -0.2690412E+00  0.4214461E+00 -0.2454545E+00
   178 -0.2965899E+00  0.4025350E+00 -0.2454545E+00
   179 -0.3228139E+00  0.3818261E+00 -0.2454545E+00
   180 -0.3475962E+00  0.3594118E+00 -0.2454545E+00
   181 -0.3708261E+00  0.3353924E+00 -0.2454545E+00
   182 -0.3923997E+00  0.3098750E+00 -0.2454545E+00
   183 -0.4122208E+00  0.2829736E+00 -0.2454545E+00
   184 -0.4302008E+00  0.2548083E+00 -0.2454545E+00
   185 -0.4462594E+00  0.2255051E+00 -0.2454545E+00
   186 -0.4603249E+00  0.1951946E+00 -0.2454545E+00
   187 -0.4723345E+00  0.1640124E+00 -0.2454545E+00
   188 -0.4822346E+00  0.1320977E+00 -0.2454545E+00
   189 -0.4899808E+00  0.9959299E-01 -0.2454545E+00
   190 -0.4955387E+00  0.6664348E-01 -0.2454545E+00
   191 -0.4988834E+00  0.3339632E-01 -0.2454545E+00
   192 -0.5000000E+00  0.6125740E-16 -0.2454545E+00
   193  0.5000000E+00  0.0000000E+00 -0.3272727E+00
   194  0.4988834E+00  0.3339632E-01 -0.3272727E+00
   195  0.4955387E+00  0.6664348E-01 -0.3272727E+00
   196  0.4899808E+00  0.9959299E-01 -0.3272727E+00
   197  0.4822346E+00  0.1320977E+00 -0.3272727E+00
   198  0.4723345E+00  0.1640124E+00 -0.3272727E+00
   199  0.4603249E+00  0.1951946E+00 -0.3272727E+00
   200  0.4462594E+00  0.2255051E+00 -0.3272727E+00
   201  0.4302008E+00  0.2548083E+00 -0.3272727E+00
   202  0.4122208E+00  0.2829736E+00 -0.3272727E+00
   203  0.3923997E+00  0.3098750E+00 -0.3272727E+00
   204  0.3708261E+00  0.3353924E+00 -0.3272727E+00
   205  0.3475962E+00  0.3594118E+00 -0.3272727E+00
   206  0.3228139E+00  0.3818261E+00 -0.3272727E+00
   207  0.2965899E+00  0.4025350E+00 -0.3272727E+00
   208  0.2690412E+00  0.4214461E+00 -0.3272727E+00
   209  0.2402909E+00  0.4384750E+00 -0.3272727E+00
   210  0.2104674E+00  0.4535455E+00 -0.3272727E+00
   211  0.1797039E+00  0.4665903E+00 -0.3272727E+00
   212  0.1481378E+00  0.4775513E+00 -0.3272727E+00
   213  0.1159101E+00  0.4863793E+00 -0.3272727E+00
   214  0.8316468E-01  0.4930351E+00 -0.3272727E+00
   215  0.5004784E-01  0.4974889E+00 -0.3272727E+00
   216  0.1670749E-01  0.4997208E+00 -0.3272727E+00
   217 -0.1670749E-01  0.4997208E+00 -0.3272727E+00
   218 -0.5004784E-01  0.4974889E+00 -0.3272727E+00
   219 -0.8316468E-01  0.4930351E+00 -0.3272727E+00
   220 -0.1159101E+00  0.4863793E+00 -0.3272727E+00
   221 -0.1481378E+00  0.4775513E+00 -0.3272727E+00
   222 -0.1797039E+00  0.4665903E+00 -0.3272727E+00
   223 -0.2104674E+00  0.4535455E+00 -0.3272727E+00
   224 -0.2402909E+00  0.4384750E+00 -0.3272727E+00
   225 -0.2690412E+00  0.4214461E+00 -0.3272727E+00
   226 -0.2965899E+00  0.4025350E+00 -0.3272727E+00
   227 -0.3228139E+00  0.3818261E+00 -0.3272727E+00
   228 -0.3475962E+00  0.3594118E+00 -0.3272727E+00
   229 -0.3708261E+00  0.3353924E+00 -0.3272727E+00
   230 -0.3923997E+00  0.3098750E+00 -0.3272727E+00
   231 -0.4122208E+00  0.2829736E+00 -0.3272727E+00
   232 -0.4302008E+00  0.2548083E+00 -0.3272727E+00
   233 -0.4462594E+00  0.2255051E+00 -0.3272727E+00
   234 -0.4603249E+00  0.1951946E+00 -0.3272727E+00
   235 -0.4723345E+00  0.1640124E+00 -0.3272727E+00
   236 -0.4822346E+00  0.1320977E+00 -0.3272727E+00
   237 -0.4899808E+00  0.9959299E-01 -0.3272727E+00
   238 -0.4955387E+00  0.6664348E-01 -0.3272727E+00
   239 -0.4988834E+00  0.3339632E-01 -0.3272727E+00
   240 -0.5000000E+00  0.6125740E-16 -0.3272727E+00
   241  0.5000000E+00  0.0000000E+00 -0.4090909E+00
   242  0.4988834E+00  0.3339632E-01 -0.4090909E+00
   243  0.4955387E+00  0.6664348E-01 -0.4090909E+00
   244  0.4899808E+00  0.9959299E-01 -0.4090909E+00
   245  0.4822346E+00  0.1320977E+00 -0.4090909E+00
   246  0.4723345E+00  0.1640124E+00 -0.4090909E+00
   247  0.4603249E+00  0.1951946E+00 -0.4090909E+00
   248  0.4462594E+00  0.2255051E+00 -0.4090909E+00
   249  0.4302008E+00  0.2548083E+00 -0.4090909E+00
   250  0.4122208E+00  0.2829736E+00 -0.4090909E+00
   251  0.3923997E+00  0.3098750E+00 -0.4090909E+00
   252  0.3708261E+00  0.3353924E+00 -0.4090909E+00
   253  0.3475962E+00  0.3594118E+00 -0.4090909E+00
   254  0.3228139E+00  0.3818261E+00 -0.4090909E+00
   255  0.2965899E+00  0.4025350E+00 -0.4090909E+00
   256  0.2690412E+00  0.4214461E+00 -0.4090909E+00
   257  0.2402909E+00  0.4384750E+00 -0.4090909E+00
   258  0.2104674E+00  0.4535455E+00 -0.4090909E+00
   259  0.1797039E+00  0.4665903E+00 -0.4090909E+00
   260  0.1481378E+00  0.4775513E+00 -0.4090909E+00
   261  0.1159101E+00  0.4863793E+00 -0.4090909E+00
   262  0.8316468E-01  0.4930351E+00 -0.4090909E+00
   263  0.5004784E-01  0.4974889E+00 -0.4090909E+00
   264  0.1670749E-01  0.4997208E+00 -0.4090909E+00
   265 -0.1670749E-01  0.4997208E+00 -0.4090909E+00
   266 -0.5004784E-01  0.4974889E+00 -0.4090909E+00
   267 -0.8316468E-01  0.4930351E+00 -0.4090909E+00
   268 -0.1159101E+00  0.4863793E+00 -0.4090909E+00
   269 -0.1481378E+00  0.4775513E+00 -0.4090909E+00
   270 -0.1797039E+00  0.4665903E+00 -0.4090909E+00
   271 -0.2104674E+00  0.4535455E+00 -0.4090909E+00
   272 -0.2402909E+00  0.4384750E+00 -0.4090909E+00
   273 -0.2690412E+00  0.4214461E+00 -0.4090909E+00
   274 -0.2965899E+00  0.4025350E+00 -0.4090909E+00
   275 -0.3228139E+00  0.3818261E+00 -0.4090909E+00
   276 -0.3475962E+00  0.3594118E+00 -0.4090909E+00
   277 -0.3708261E+00  0.3353924E+00 -0.4090909E+00
   278 -0.3923997E+00  0.3098750E+00 -0.4090909E+00
   279 -0.4122208E+00  0.2829736E+00 -0.4090909E+00
   280 -0.4302008E+00  0.2548083E+00 -0.4090909E+00
   281 -0.4462594E+00  0.2255051E+00 -0.4090909E+00
   282 -0.4603249E+00  0.1951946E+00 -0.4090909E+00
   283 -0.4723345E+00  0.1640124E+00 -0.4090909E+00
   284 -0.4822346E+00  0.1320977E+00 -0.4090909E+00
   285 -0.4899808E+00  0.9959299E-01 -0.4090909E+00
   286 -0.4955387E+00  0.6664348E-01 -0.4090909E+00
   287 -0.4988834E+00  0.3339632E-01 -0.4090909E+00
   288 -0.5000000E+00  0.6125740E-16 -0.4090909E+00
   289  0.5000000E+00  0.0000000E+00 -0.4909091E+00
   290  0.4988834E+00  0.3339632E-01 -0.4909091E+00
   291  0.4955387E+00  0.6664348E-01 -0.4909091E+00
   292  0.4899808E+00  0.9959299E-01 -0.4909091E+00
   293  0.4822346E+00  0.1320977E+00 -0.4909091E+00
   294  0.4723345E+00  0.1640124E+00 -0.4909091E+00
   295  0.4603249E+00  0.1951946E+00 -0.4909091E+00
   296  0.4462594E+00  0.2255051E+00 -0.4909091E+00
   297  0.4302008E+00  0.2548083E+00 -0.4909091E+00
   298  0.4122208E+00  0.2829736E+00 -0.4909091E+00
   299  0.3923997E+00  0.3098750E+00 -0.4909091E+00
   300  0.3708261E+00  0.3353924E+00 -0.4909091E+00
   301  0.3475962E+00  0.3594118E+00 -0.4909091E+00
   302  0.3228139E+00  0.3818261E+00 -0.4909091E+00
   303  0.2965899E+00  0.4025350E+00 -0.4909091E+00
   304  0.2690412E+00  0.4214461E+00 -0.4909091E+00
   305  0.2402909E+00  0.4384750E+00 -0.4909091E+00
   306  0.2104674E+00  0.4535455E+00 -0.4909091E+00
   307  0.1797039E+00  0.4665903E+00 -0.4909091E+00
   308  0.1481378E+00  0.4775513E+00 -0.4909091E+00
   309  0.1159101E+00  0.4863793E+00 -0.4909091E+00
   310  0.8316468E-01  0.4930351E+00 -0.4909091E+00
   311  0.5004784E-01  0.4974889E+00 -0.4909091E+00
   312  0.1670749E-01  0.4997208E+00 -0.4909091E+00
   313 -0.1670749E-01  0.4997208E+00 -0.4909091E+00
   314 -0.5004784E-01  0.4974889E+00 -0.4909091E+00
   315 -0.8316468E-01  0.4930351E+00 -0.4909091E+00
   316 -0.1159101E+00  0.4863793E+00 -0.4909091E+00
   317 -0.1481378E+00  0.4775513E+00 -0.4909091E+00
   318 -0.1797039E+00  0.4665903E+00 -0.4909091E+00
   319 -0.2104674E+00  0.4535455E+00 -0.4909091E+00
   320 -0.2402909E+00  0.4384750E+00 -0.4909091E+00
   321 -0.2690412E+00  0.4214461E+00 -0.4909091E+00
   322 -0.2965899E+00  0.4025350E+00 -0.4909091E+00
   323 -0.3228139E+00  0.3818261E+00 -0.4909091E+00
   324 -0.3475962E+00  0.3594118E+00 -0.4909091E+00
   325 -0.3708261E+00  0.3353924E+00 -0.4909091E+00
   326 -0.3923997E+00  0.3098750E+00 -0.4909091E+00
   327 -0.4122208E+00  0.2829736E+00 -0.4909091E+00
   328 -0.4302008E+00  0.2548083E+00 -0.4909091E+00
   329 -0.4462594E+00  0.2255051E+00 -0.4909091E+00
   330 -0.4603249E+00  0.1951946E+00 -0.4909091E+00
   331 -0.4723345E+00  0.1640124E+00 -0.4909091E+00
   332 -0.4822346E+00  0.1320977E+00 -0.4909091E+00
   333 -0.4899808E+00  0.9959299E-01 -0.4909091E+00
   334 -0.4955387E+00  0.6664348E-01 -0.4909091E+00
   335 -0.4988834E+00  0.3339632E-01 -0.4909091E+00
   336 -0.5000000E+00  0.6125740E-16 -0.4909091E+00
   337  0.5000000E+00  0.0000000E+00 -0.5727273E+00
   338  0.4988834E+00  0.3339632E-01 -0.5727273E+00
   339  0.4955387E+00  0.6664348E-01 -0.5727273E+00
   340  0.4899808E+00  0.9959299E-01 -0.5727273E+00
   341  0.4822346E+00  0.1320977E+00 -0.5727273E+00
   342  0.4723345E+00  0.1640124E+00 -0.5727273E+00
   343  0.4603249E+00  0.1951946E+00 -0.5727273E+00
   344  0.4462594E+00  0.2255051E+00 -0.5727273E+00
   345  0.4302008E+00  0.2548083E+00 -0.5727273E+00
   346  0.4122208E+00  0.2829736E+00 -0.5727273E+00
   347  0.3923997E+00  0.3098750E+00 -0.5727273E+00
   348  0.3708261E+00  0.3353924E+00 -0.5727273E+00
   349  0.3475962E+00  0.3594118E+00 -0.5727273E+00
   350  0.3228139E+00  0.3818261E+00 -0.5727273E+00
   351  0.2965899E+00  0.4025350E+00 -0.5727273E+00
   352  0.2690412E+00  0.4214461E+00 -0.5727273E+00
   353  0.2402909E+00  0.4384750E+00 -0.5727273E+00
   354  0.2104674E+00  0.4535455E+00 -0.5727273E+00
   355  0.1797039E+00  0.4665903E+00 -0.5727273E+00
   356  0.1481378E+00  0.4775513E+00 -0.5727273E+00
   357  0.1159101E+00  0.4863793E+00 -0.5727273E+00
   358  0.8316468E-01  0.4930351E+00 -0.5727273E+00
   359  0.5004784E-01  0.4974889E+00 -0.5727273E+00
   360  0.1670749E-01  0.4997208E+00 -0.5727273E+00
   361 -0.1670749E-01  0.4997208E+00 -0.5727273E+00
   362 -0.5004784E-01  0.4974889E+00 -0.5727273E+00
   363 -0.8316468E-01  0.4930351E+00 -0.5727273E+00
   364 -0.1159101E+00  0.4863793E+00 -0.5727273E+00
   365 -0.1481378E+00  0.4775513E+00 -0.5727273E+00
   366 -0.1797039E+00  0.4665903E+00 -0.5727273E+00
   367 -0.2104674E+00  0.4535455E+00 -0.5727273E+00
   368 -0.2402909E+00  0.4384750E+00 -0.5727273E+00
   369 -0.2690412E+00  0.4214461E+00 -0.5727273E+00
   370 -0.2965899E+00  0.4025350E+00 -0.5727273E+00
   371 -0.3228139E+00  0.3818261E+00 -0.5727273E+00
   372 -0.3475962E+00  0.3594118E+00 -0.5727273E+00
   373 -0.3708261E+00  0.3353924E+00 -0.5727273E+00
   374 -0.3923997E+00  0.3098750E+00 -0.5727273E+00
   375 -0.4122208E+00  0.2829736E+00 -0.5727273E+00
   376 -0.4302008E+00  0.2548083E+00 -0.5727273E+00
   377 -0.4462594E+00  0.2255051E+00 -0.5727273E+00
   378 -0.4603249E+00  0.1951946E+00 -0.5727273E+00
   379 -0.4723345E+00  0.1640124E+00 -0.5727273E+00
   380 -0.4822346E+00  0.1320977E+00 -0.5727273E+00
   381 -0.4899808E+00  0.9959299E-01 -0.5727273E+00
   382 -0.4955387E+00  0.6664348E-01 -0.5727273E+00
   383 -0.4988834E+00  0.3339632E-01 -0.5727273E+00
   384 -0.5000000E+00  0.6125740E-16 -0.5727273E+00
   385  0.5000000E+00  0.0000000E+00 -0.6545454E+00
   386  0.4988834E+00  0.3339632E-01 -0.6545454E+00
   387  0.4955387E+00  0.6664348E-01 -0.6545454E+00
   388  0.4899808E+00  0.9959299E-01 -0.6545454E+00
   389  0.4822346E+00  0.1320977E+00 -0.6545454E+00
   390  0.4723345E+00  0.1640124E+00 -0.6545454E+00
   391  0.4603249E+00  0.1951946E+00 -0.6545454E+00
   392  0.4462594E+00  0.2255051E+00 -0.6545454E+00
   393  0.4302008E+00  0.2548083E+00 -0.6545454E+00
   394  0.4122208E+00  0.2829736E+00 -0.6545454E+00
   395  0.3923997E+00  0.3098750E+00 -0.6545454E+00
   396  0.3708261E+00  0.3353924E+00 -0.6545454E+00
   397  0.3475962E+00  0.3594118E+00 -0.6545454E+00
   398  0.3228139E+00  0.3818261E+00 -0.6545454E+00
   399  0.2965899E+00  0.4025350E+00 -0.6545454E+00
   400  0.2690412E+00  0.4214461E+00 -0.6545454E+00
   401  0.2402909E+00  0.4384750E+00 -0.6545454E+00
   402  0.2104674E+00  0.4535455E+00 -0.6545454E+00
   403  0.1797039E+00  0.4665903E+00 -0.6545454E+00
   404  0.1481378E+00  0.4775513E+00 -0.6545454E+00
   405  0.1159101E+00  0.4863793E+00 -0.6545454E+00
   406  0.8316468E-01  0.4930351E+00 -0.6545454E+00
   407  0.5004784E-01  0.4974889E+00 -0.6545454E+00
   408  0.1670749E-01  0.4997208E+00 -0.6545454E+00
   409 -0.1670749E-01  0.4997208E+00 -0.6545454E+00
   410 -0.5004784E-01  0.4974889E+00 -0.6545454E+00
   411 -0.8316468E-01  0.4930351E+00 -0.6545454E+00
   412 -0.1159101E+00  0.4863793E+00 -0.6545454E+00
   413 -0.1481378E+00  0.4775513E+00 -0.6545454E+00
   414 -0.1797039E+00  0.4665903E+00 -0.6545454E+00
   415 -0.2104674E+00  0.4535455E+00 -0.6545454E+00
   416 -0.2402909E+00  0.4384750E+00 -0.6545454E+00
   417 -0.2690412E+00  0.4214461E+00 -0.6545454E+00
   418 -0.2965899E+00  0.4025350E+00 -0.6545454E+00
   419 -0.3228139E+00  0.3818261E+00 -0.6545454E+00
   420 -0.3475962E+00  0.3594118E+00 -0.6545454E+00
   421 -0.3708261E+00  0.3353924E+00 -0.6545454E+00
   422 -0.3923997E+00  0.3098750E+00 -0.6545454E+00
   423 -0.4122208E+00  0.2829736E+00 -0.6545454E+00
   424 -0.4302008E+00  0.2548083E+00 -0.6545454E+00
   425 -0.4462594E+00  0.2255051E+00 -0.6545454E+00
   426 -0.4603249E+00  0.1951946E+00 -0.6545454E+00
   427 -0.4723345E+00  0.1640124E+00 -0.6545454E+00
   428 -0.4822346E+00  0.1320977E+00 -0.6545454E+00
   429 -0.4899808E+00  0.9959299E-01 -0.6545454E+00
   430 -0.4955387E+00  0.6664348E-01 -0.6545454E+00
   431 -0.4988834E+00  0.3339632E-01 -0.6545454E+00
   432 -0.5000000E+00  0.6125740E-16 -0.6545454E+00
   433  0.5000000E+00  0.0000000E+00 -0.7363636E+00
   434  0.4988834E+00  0.3339632E-01 -0.7363636E+00
   435  0.4955387E+00  0.6664348E-01 -0.7363636E+00
   436  0.4899808E+00  0.9959299E-01 -0.7363636E+00
   437  0.4822346E+00  0.1320977E+00 -0.7363636E+00
   438  0.4723345E+00  0.1640124E+00 -0.7363636E+00
   439  0.4603249E+00  0.1951946E+00 -0.7363636E+00
   440  0.4462594E+00  0.2255051E+00 -0.7363636E+00
   441  0.4302008E+00  0.2548083E+00 -0.7363636E+00
   442  0.4122208E+00  0.2829736E+00 -0.7363636E+00
   443  0.3923997E+00  0.3098750E+00 -0.7363636E+00
   444  0.3708261E+00  0.3353924E+00 -0.7363636E+00
   445  0.3475962E+00  0.3594118E+00 -0.7363636E+00
   446  0.3228139E+00  0.3818261E+00 -0.7363636E+00
   447  0.2965899E+00  0.4025350E+00 -0.7363636E+00
   448  0.2690412E+00  0.4214461E+00 -0.7363636E+00
   449  0.2402909E+00  0.4384750E+00 -0.7363636E+00
   450  0.2104674E+00  0.4535455E+00 -0.7363636E+00
   451  0.1797039E+00  0.4665903E+00 -0.7363636E+00
   452  0.1481378E+00  0.4775513E+00 -0.7363636E+00
   453  0.1159101E+00  0.4863793E+00 -0.7363636E+00
   454  0.8316468E-01  0.4930351E+00 -0.7363636E+00
   455  0.5004784E-01  0.4974889E+00 -0.7363636E+00
   456  0.1670749E-01  0.4997208E+00 -0.7363636E+00
   457 -0.1670749E-01  0.4997208E+00 -0.7363636E+00
   458 -0.5004784E-01  0.4974889E+00 -0.7363636E+00
   459 -0.8316468E-01  0.4930351E+00 -0.7363636E+00
   460 -0.1159101E+00  0.4863793E+00 -0.7363636E+00
   461 -0.1481378E+00  0.4775513E+00 -0.7363636E+00
   462 -0.1797039E+00  0.4665903E+00 -0.7363636E+00
   463 -0.2104674E+00  0.4535455E+00 -0.7363636E+00
   464 -0.2402909E+00  0.4384750E+00 -0.7363636E+00
   465 -0.2690412E+00  0.4214461E+00 -0.7363636E+00
   466 -0.2965899E+00  0.4025350E+00 -0.7363636E+00
   467 -0.3228139E+00  0.3818261E+00 -0.7363636E+00
   468 -0.3475962E+00  0.3594118E+00 -0.7363636E+00
   469 -0.3708261E+00  0.3353924E+00 -0.7363636E+00
   470 -0.3923997E+00  0.3098750E+00 -0.7363636E+00
   471 -0.4122208E+00  0.2829736E+00 -0.7363636E+00
   472 -0.4302008E+00  0.2548083E+00 -0.7363636E+00
   473 -0.4462594E+00  0.2255051E+00 -0.7363636E+00
   474 -0.4603249E+00  0.1951946E+00 -0.7363636E+00
   475 -0.4723345E+00  0.1640124E+00 -0.7363636E+00
   476 -0.4822346E+00  0.1320977E+00 -0.7363636E+00
   477 -0.4899808E+00  0.9959299E-01 -0.7363636E+00
   478 -0.4955387E+00  0.6664348E-01 -0.7363636E+00
   479 -0.4988834E+00  0.3339632E-01 -0.7363636E+00
   480 -0.5000000E+00  0.6125740E-16 -0.7363636E+00
   481  0.5000000E+00  0.0000000E+00 -0.8181818E+00
   482  0.4988834E+00  0.3339632E-01 -0.8181818E+00
   483  0.4955387E+00  0.6664348E-01 -0.8181818E+00
   484  0.4899808E+00  0.9959299E-01 -0.8181818E+00
   485  0.4822346E+00  0.1320977E+00 -0.8181818E+00
   486  0.4723345E+00  0.1640124E+00 -0.8181818E+00
   487  0.4603249E+00  0.1951946E+00 -0.8181818E+00
   488  0.4462594E+00  0.2255051E+00 -0.8181818E+00
   489  0.4302008E+00  0.2548083E+00 -0.8181818E+00
   490  0.4122208E+00  0.2829736E+00 -0.8181818E+00
   491  0.3923997E+00  0.3098750E+00 -0.8181818E+00
   492  0.3708261E+00  0.3353924E+00 -0.8181818E+00
   493  0.3475962E+00  0.3594118E+00 -0.8181818E+00
   494  0.3228139E+00  0.3818261E+00 -0.8181818E+00
   495  0.2965899E+00  0.4025350E+00 -0.8181818E+00
   496  0.2690412E+00  0.4214461E+00 -0.8181818E+00
   497  0.2402909E+00  0.4384750E+00 -0.8181818E+00
   498  0.2104674E+00  0.4535455E+00 -0.8181818E+00
   499  0.1797039E+00  0.4665903E+00 -0.8181818E+00
   500  0.1481378E+00  0.4775513E+00 -0.8181818E+00
   501  0.1159101E+00  0.4863793E+00 -0.8181818E+00
   502  0.8316468E-01  0.4930351E+00 -0.8181818E+00
   503  0.5004784E-01  0.4974889E+00 -0.8181818E+00
   504  0.1670749E-01  0.4997208E+00 -0.8181818E+00
   505 -0.1670749E-01  0.4997208E+00 -0.8181818E+00
   506 -0.5004784E-01  0.4974889E+00 -0.8181818E+00
   507 -0.8316468E-01  0.4930351E+00 -0.8181818E+00
   508 -0.1159101E+00  0.4863793E+00 -0.8181818E+00
   509 -0.1481378E+00  0.4775513E+00 -0.8181818E+00
   510 -0.1797039E+00  0.4665903E+00 -0.8181818E+00
   511 -0.2104674E+00  0.4535455E+00 -0.8181818E+00
   512 -0.2402909E+00  0.4384750E+00 -0.8181818E+00
   513 -0.2690412E+00  0.4214461E+00 -0.8181818E+00
   514 -0.2965899E+00  0.4025350E+00 -0.8181818E+00
   515 -0.3228139E+00  0.3818261E+00 -0.8181818E+00
   516 -0.3475962E+00  0.3594118E+00 -0.8181818E+00
   517 -0.3708261E+00  0.3353924E+00 -0.8181818E+00
   518 -0.3923997E+00  0.3098750E+00 -0.8181818E+00
   519 -0.4122208E+00  0.2829736E+00 -0.8181818E+00
   520 -0.4302008E+00  0.2548083E+00 -0.8181818E+00
   521 -0.4462594E+00  0.2255051E+00 -0.8181818E+00
   522 -0.4603249E+00  0.1951946E+00 -0.8181818E+00
   523 -0.4723345E+00  0.1640124E+00 -0.8181818E+00
   524 -0.4822346E+00  0.1320977E+00 -0.8181818E+00
   525 -0.4899808E+00  0.9959299E-01 -0.8181818E+00
   526 -0.4955387E+00  0.6664348E-01 -0.8181818E+00
   527 -0.4988834E+00  0.3339632E-01 -0.8181818E+00
   528 -0.5000000E+00  0.6125740E-16 -0.8181818E+00
   529  0.5000000E+00  0.0000000E+00 -0.9000000E+00
   530  0.4988834E+00  0.3339632E-01 -0.9000000E+00
   531  0.4955387E+00  0.6664348E-01 -0.9000000E+00
   532  0.4899808E+00  0.9959299E-01 -0.9000000E+00
   533  0.4822346E+00  0.1320977E+00 -0.9000000E+00
   534  0.4723345E+00  0.1640124E+00 -0.9000000E+00
   535  0.4603249E+00  0.1951946E+00 -0.9000000E+00
   536  0.4462594E+00  0.2255051E+00 -0.9000000E+00
   537  0.4302008E+00  0.2548083E+00 -0.9000000E+00
   538  0.4122208E+00  0.2829736E+00 -0.9000000E+00
   539  0.3923997E+00  0.3098750E+00 -0.9000000E+00
   540  0.3708261E+00  0.3353924E+00 -0.9000000E+00
   541  0.3475962E+00  0.3594118E+00 -0.9000000E+00
   542  0.3228139E+00  0.3818261E+00 -0.9000000E+00
   543  0.2965899E+00  0.4025350E+00 -0.9000000E+00
   544  0.2690412E+00  0.4214461E+00 -0.9000000E+00
   545  0.2402909E+00  0.4384750E+00 -0.9000000E+00
   546  0.2104674E+00  0.4535455E+00 -0.9000000E+00
   547  0.1797039E+00  0.4665903E+00 -0.9000000E+00
   548  0.1481378E+00  0.4775513E+00 -0.9000000E+00
   549  0.1159101E+00  0.4863793E+00 -0.9000000E+00
   550  0.8316468E-01  0.4930351E+00 -0.9000000E+00
   551  0.5004784E-01  0.4974889E+00 -0.9000000E+00
   552  0.1670749E-01  0.4997208E+00 -0.9000000E+00
   553 -0.1670749E-01  0.4997208E+00 -0.9000000E+00
   554 -0.5004784E-01  0.4974889E+00 -0.9000000E+00
   555 -0.8316468E-01  0.4930351E+00 -0.9000000E+00
   556 -0.1159101E+00  0.4863793E+00 -0.9000000E+00
   557 -0.1481378E+00  0.4775513E+00 -0.9000000E+00
   558 -0.1797039E+00  0.4665903E+00 -0.9000000E+00
   559 -0.2104674E+00  0.4535455E+00 -0.9000000E+00
   560 -0.2402909E+00  0.4384750E+00 -0.9000000E+00
   561 -0.2690412E+00  0.4214461E+00 -0.9000000E+00
   562 -0.2965899E+00  0.4025350E+00 -0.9000000E+00
   563 -0.3228139E+00  0.3818261E+00 -0.9000000E+00
   564 -0.3475962E+00  0.3594118E+00 -0.9000000E+00
   565 -0.3708261E+00  0.3353924E+00 -0.9000000E+00
   566 -0.3923997E+00  0.3098750E+00 -0.9000000E+00
   567 -0.4122208E+00  0.2829736E+00 -0.9000000E+00
   568 -0.4302008E+00  0.2548083E+00 -0.9000000E+00
   569 -0.4462594E+00  0.2255051E+00 -0.9000000E+00
   570 -0.4603249E+00  0.1951946E+00 -0.9000000E+00
   571 -0.4723345E+00  0.1640124E+00 -0.9000000E+00
   572 -0.4822346E+00  0.1320977E+00 -0.9000000E+00
   573 -0.4899808E+00  0.9959299E-01 -0.9000000E+00
   574 -0.4955387E+00  0.6664348E-01 -0.9000000E+00
   575 -0.4988834E+00  0.3339632E-01 -0.9000000E+00
   576 -0.5000000E+00  0.6125740E-16 -0.9000000E+00
   577  0.4545455E+00  0.0000000E+00 -0.9000000E+00
   578  0.4535304E+00  0.3036029E-01 -0.9000000E+00
   579  0.4504898E+00  0.6058498E-01 -0.9000000E+00
   580  0.4454371E+00  0.9053908E-01 -0.9000000E+00
   581  0.4383951E+00  0.1200888E+00 -0.9000000E+00
   582  0.4293950E+00  0.1491022E+00 -0.9000000E+00
   583  0.4184772E+00  0.1774497E+00 -0.9000000E+00
   584  0.4056904E+00  0.2050046E+00 -0.9000000E+00
   585  0.3910916E+00  0.2316439E+00 -0.9000000E+00
   586  0.3747462E+00  0.2572487E+00 -0.9000000E+00
   587  0.3567270E+00  0.2817045E+00 -0.9000000E+00
   588  0.3371146E+00  0.3049021E+00 -0.9000000E+00
   589  0.3159966E+00  0.3267380E+00 -0.9000000E+00
   590  0.2934672E+00  0.3471146E+00 -0.9000000E+00
   591  0.2696272E+00  0.3659409E+00 -0.9000000E+00
   592  0.2445829E+00  0.3831328E+00 -0.9000000E+00
   593  0.2184463E+00  0.3986136E+00 -0.9000000E+00
   594  0.1913340E+00  0.4123141E+00 -0.9000000E+00
   595  0.1633672E+00  0.4241730E+00 -0.9000000E+00
   596  0.1346707E+00  0.4341375E+00 -0.9000000E+00
   597  0.1053728E+00  0.4421630E+00 -0.9000000E+00
   598  0.7560425E-01  0.4482138E+00 -0.9000000E+00
   599  0.4549804E-01  0.4522626E+00 -0.9000000E+00
   600  0.1518863E-01  0.4542916E+00 -0.9000000E+00
   601 -0.1518863E-01  0.4542916E+00 -0.9000000E+00
   602 -0.4549804E-01  0.4522626E+00 -0.9000000E+00
   603 -0.7560425E-01  0.4482138E+00 -0.9000000E+00
   604 -0.1053728E+00  0.4421630E+00 -0.9000000E+00
   605 -0.1346707E+00  0.4341375E+00 -0.9000000E+00
   606 -0.1633672E+00  0.4241730E+00 -0.9000000E+00
   607 -0.1913340E+00  0.4123141E+00 -0.9000000E+00
   608 -0.2184463E+00  0.3986136E+00 -0.9000000E+00
   609 -0.2445829E+00  0.3831328E+00 -0.9000000E+00
   610 -0.2696272E+00  0.3659409E+00 -0.9000000E+00
   611 -0.2934672E+00  0.3471146E+00 -0.9000000E+00
   612 -0.3159966E+00  0.3267380E+00 -0.9000000E+00
   613 -0.3371146E+00  0.3049021E+00 -0.9000000E+00
   614 -0.3567270E+00  0.2817045E+00 -0.9000000E+00
   615 -0.3747462E+00  0.2572487E+00 -0.9000000E+00
   616 -0.3910916E+00  0.2316439E+00 -0.9000000E+00
   617 -0.4056904E+00  0.2050046E+00 -0.9000000E+00
   618 -0.4184772E+00  0.1774497E+00 -0.9000000E+00
   619 -0.4293950E+00  0.1491022E+00 -0.9000000E+00
   620 -0.4383951E+00  0.1200888E+00 -0.9000000E+00
   621 -0.4454371E+00  0.9053908E-01 -0.9000000E+00
   622 -0.4504898E+00  0.6058498E-01 -0.9000000E+00
   623 -0.4535304E+00  0.3036029E-01 -0.9000000E+00
   624 -0.4545455E+00  0.5568860E-16 -0.9000000E+00
   625  0.4090909E+00  0.0000000E+00 -0.9000000E+00
   626  0.4081773E+00  0.2732426E-01 -0.9000000E+00
   627  0.4054408E+00  0.5452648E-01 -0.9000000E+00
   628  0.4008934E+00  0.8148517E-01 -0.9000000E+00
   629  0.3945556E+00  0.1080799E+00 -0.9000000E+00
   630  0.3864555E+00  0.1341920E+00 -0.9000000E+00
   631  0.3766295E+00  0.1597047E+00 -0.9000000E+00
   632  0.3651213E+00  0.1845041E+00 -0.9000000E+00
   633  0.3519825E+00  0.2084795E+00 -0.9000000E+00
   634  0.3372715E+00  0.2315238E+00 -0.9000000E+00
   635  0.3210543E+00  0.2535340E+00 -0.9000000E+00
   636  0.3034031E+00  0.2744119E+00 -0.9000000E+00
   637  0.2843969E+00  0.2940642E+00 -0.9000000E+00
   638  0.2641205E+00  0.3124032E+00 -0.9000000E+00
   639  0.2426644E+00  0.3293468E+00 -0.9000000E+00
   640  0.2201246E+00  0.3448196E+00 -0.9000000E+00
   641  0.1966016E+00  0.3587523E+00 -0.9000000E+00
   642  0.1722006E+00  0.3710826E+00 -0.9000000E+00
   643  0.1470305E+00  0.3817557E+00 -0.9000000E+00
   644  0.1212036E+00  0.3907237E+00 -0.9000000E+00
   645  0.9483551E-01  0.3979467E+00 -0.9000000E+00
   646  0.6804383E-01  0.4033924E+00 -0.9000000E+00
   647  0.4094824E-01  0.4070364E+00 -0.9000000E+00
   648  0.1366976E-01  0.4088625E+00 -0.9000000E+00
   649 -0.1366976E-01  0.4088625E+00 -0.9000000E+00
   650 -0.4094824E-01  0.4070364E+00 -0.9000000E+00
   651 -0.6804383E-01  0.4033924E+00 -0.9000000E+00
   652 -0.9483551E-01  0.3979467E+00 -0.9000000E+00
   653 -0.1212036E+00  0.3907237E+00 -0.9000000E+00
   654 -0.1470305E+00  0.3817557E+00 -0.9000000E+00
   655 -0.1722006E+00  0.3710826E+00 -0.9000000E+00
   656 -0.1966016E+00  0.3587523E+00 -0.9000000E+00
   657 -0.2201246E+00  0.3448196E+00 -0.9000000E+00
   658 -0.2426644E+00  0.3293468E+00 -0.9000000E+00
   659 -0.2641205E+00  0.3124032E+00 -0.9000000E+00
   660 -0.2843969E+00  0.2940642E+00 -0.9000000E+00
   661 -0.3034031E+00  0.2744119E+00 -0.9000000E+00
   662 -0.3210543E+00  0.2535340E+00 -0.9000000E+00
   663 -0.3372715E+00  0.2315238E+00 -0.9000000E+00
   664 -0.3519825E+00  0.2084795E+00 -0.9000000E+00
   665 -0.3651213E+00  0.1845041E+00 -0.9000000E+00
   666 -0.3766295E+00  0.1597047E+00 -0.9000000E+00
   667 -0.3864555E+00  0.1341920E+00 -0.9000000E+00
   668 -0.3945556E+00  0.1080799E+00 -0.9000000E+00
   669 -0.4008934E+00  0.8148517E-01 -0.9000000E+00
   670 -0.4054408E+00  0.5452648E-01 -0.9000000E+00
   671 -0.4081773E+00  0.2732426E-01 -0.9000000E+00
   672 -0.4090909E+00  0.5011970E-16 -0.9000000E+00
   673  0.3636364E+00  0.0000000E+00 -0.9000000E+00
   674  0.3628243E+00  0.2428823E-01 -0.9000000E+00
   675  0.3603918E+00  0.4846798E-01 -0.9000000E+00
   676  0.3563497E+00  0.7243127E-01 -0.9000000E+00
   677  0.3507161E+00  0.9607106E-01 -0.9000000E+00
   678  0.3435160E+00  0.1192818E+00 -0.9000000E+00
   679  0.3347818E+00  0.1419597E+00 -0.9000000E+00
   680  0.3245523E+00  0.1640037E+00 -0.9000000E+00
   681  0.3128733E+00  0.1853151E+00 -0.9000000E+00
   682  0.2997969E+00  0.2057989E+00 -0.9000000E+00
   683  0.2853816E+00  0.2253636E+00 -0.9000000E+00
   684  0.2696917E+00  0.2439217E+00 -0.9000000E+00
   685  0.2527972E+00  0.2613904E+00 -0.9000000E+00
   686  0.2347738E+00  0.2776917E+00 -0.9000000E+00
   687  0.2157017E+00  0.2927527E+00 -0.9000000E+00
   688  0.1956663E+00  0.3065063E+00 -0.9000000E+00
   689  0.1747570E+00  0.3188909E+00 -0.9000000E+00
   690  0.1530672E+00  0.3298512E+00 -0.9000000E+00
   691  0.1306937E+00  0.3393384E+00 -0.9000000E+00
   692  0.1077366E+00  0.3473100E+00 -0.9000000E+00
   693  0.8429824E-01  0.3537304E+00 -0.9000000E+00
   694  0.6048340E-01  0.3585710E+00 -0.9000000E+00
   695  0.3639843E-01  0.3618101E+00 -0.9000000E+00
   696  0.1215090E-01  0.3634333E+00 -0.9000000E+00
   697 -0.1215090E-01  0.3634333E+00 -0.9000000E+00
   698 -0.3639843E-01  0.3618101E+00 -0.9000000E+00
   699 -0.6048340E-01  0.3585710E+00 -0.9000000E+00
   700 -0.8429824E-01  0.3537304E+00 -0.9000000E+00
   701 -0.1077366E+00  0.3473100E+00 -0.9000000E+00
   702 -0.1306937E+00  0.3393384E+00 -0.9000000E+00
   703 -0.1530672E+00  0.3298512E+00 -0.9000000E+00
   704 -0.1747570E+00  0.3188909E+00 -0.9000000E+00
   705 -0.1956663E+00  0.3065063E+00 -0.9000000E+00
   706 -0.2157017E+00  0.2927527E+00 -0.9000000E+00
   707 -0.2347738E+00  0.2776917E+00 -0.9000000E+00
   708 -0.2527972E+00  0.2613904E+00 -0.9000000E+00
   709 -0.2696917E+00  0.2439217E+00 -0.9000000E+00
   710 -0.2853816E+00  0.2253636E+00 -0.9000000E+00
   711 -0.2997969E+00  0.2057989E+00 -0.9000000E+00
   712 -0.3128733E+00  0.1853151E+00 -0.9000000E+00
   713 -0.3245523E+00  0.1640037E+00 -0.9000000E+00
   714 -0.3347818E+00  0.1419597E+00 -0.9000000E+00
   715 -0.3435160E+00  0.1192818E+00 -0.9000000E+00
   716 -0.3507161E+00  0.9607106E-01 -0.9000000E+00
   717 -0.3563497E+00  0.7243127E-01 -0.9000000E+00
   718 -0.3603918E+00  0.4846798E-01 -0.9000000E+00
   719 -0.3628243E+00  0.2428823E-01 -0.9000000E+00
   720 -0.3636364E+00  0.4455090E-16 -0.9000000E+00
   721  0.3181818E+00  0.0000000E+00 -0.9000000E+00
   722  0.3174713E+00  0.2125220E-01 -0.9000000E+00
   723  0.3153428E+00  0.4240949E-01 -0.9000000E+00
   724  0.3118060E+00  0.6337736E-01 -0.9000000E+00
   725  0.3068766E+00  0.8406217E-01 -0.9000000E+00
   726  0.3005765E+00  0.1043715E+00 -0.9000000E+00
   727  0.2929341E+00  0.1242148E+00 -0.9000000E+00
   728  0.2839833E+00  0.1435032E+00 -0.9000000E+00
   729  0.2737641E+00  0.1621508E+00 -0.9000000E+00
   730  0.2623223E+00  0.1800741E+00 -0.9000000E+00
   731  0.2497089E+00  0.1971931E+00 -0.9000000E+00
   732  0.2359802E+00  0.2134315E+00 -0.9000000E+00
   733  0.2211976E+00  0.2287166E+00 -0.9000000E+00
   734  0.2054271E+00  0.2429802E+00 -0.9000000E+00
   735  0.1887390E+00  0.2561586E+00 -0.9000000E+00
   736  0.1712080E+00  0.2681930E+00 -0.9000000E+00
   737  0.1529124E+00  0.2790295E+00 -0.9000000E+00
   738  0.1339338E+00  0.2886198E+00 -0.9000000E+00
   739  0.1143570E+00  0.2969211E+00 -0.9000000E+00
   740  0.9426951E-01  0.3038962E+00 -0.9000000E+00
   741  0.7376096E-01  0.3095141E+00 -0.9000000E+00
   742  0.5292298E-01  0.3137496E+00 -0.9000000E+00
   743  0.3184863E-01  0.3165838E+00 -0.9000000E+00
   744  0.1063204E-01  0.3180041E+00 -0.9000000E+00
   745 -0.1063204E-01  0.3180041E+00 -0.9000000E+00
   746 -0.3184863E-01  0.3165838E+00 -0.9000000E+00
   747 -0.5292298E-01  0.3137496E+00 -0.9000000E+00
   748 -0.7376096E-01  0.3095141E+00 -0.9000000E+00
   749 -0.9426951E-01  0.3038962E+00 -0.9000000E+00
   750 -0.1143570E+00  0.2969211E+00 -0.9000000E+00
   751 -0.1339338E+00  0.2886198E+00 -0.9000000E+00
   752 -0.1529124E+00  0.2790295E+00 -0.9000000E+00
   753 -0.1712080E+00  0.2681930E+00 -0.9000000E+00
   754 -0.1887390E+00  0.2561586E+00 -0.9000000E+00
   755 -0.2054271E+00  0.2429802E+00 -0.9000000E+00
   756 -0.2211976E+00  0.2287166E+00 -0.9000000E+00
   757 -0.2359802E+00  0.2134315E+00 -0.9000000E+00
   758 -0.2497089E+00  0.1971931E+00 -0.9000000E+00
   759 -0.2623223E+00  0.1800741E+00 -0.9000000E+00
   760 -0.2737641E+00  0.1621508E+00 -0.9000000E+00
   761 -0.2839833E+00  0.1435032E+00 -0.9000000E+00
   762 -0.2929341E+00  0.1242148E+00 -0.9000000E+00
   763 -0.3005765E+00  0.1043715E+00 -0.9000000E+00
   764 -0.3068766E+00  0.8406217E-01 -0.9000000E+00
   765 -0.3118060E+00  0.6337736E-01 -0.9000000E+00
   766 -0.3153428E+00  0.4240949E-01 -0.9000000E+00
   767 -0.3174713E+00  0.2125220E-01 -0.9000000E+00
   768 -0.3181818E+00  0.3898200E-16 -0.9000000E+00
   769  0.2727273E+00  0.0000000E+00 -0.9000000E+00
   770  0.2721182E+00  0.1821617E-01 -0.9000000E+00
   771  0.2702939E+00  0.3635099E-01 -0.9000000E+00
   772  0.2672623E+00  0.5432345E-01 -0.9000000E+00
   773  0.2630371E+00  0.7205329E-01 -0.9000000E+00
   774  0.2576370E+00  0.8946133E-01 -0.9000000E+00
   775  0.2510863E+00  0.1064698E+00 -0.9000000E+00
   776  0.2434142E+00  0.1230028E+00 -0.9000000E+00
   777  0.2346550E+00  0.1389864E+00 -0.9000000E+00
   778  0.2248477E+00  0.1543492E+00 -0.9000000E+00
   779  0.2140362E+00  0.1690227E+00 -0.9000000E+00
   780  0.2022687E+00  0.1829413E+00 -0.9000000E+00
   781  0.1895979E+00  0.1960428E+00 -0.9000000E+00
   782  0.1760803E+00  0.2082688E+00 -0.9000000E+00
   783  0.1617763E+00  0.2195646E+00 -0.9000000E+00
   784  0.1467497E+00  0.2298797E+00 -0.9000000E+00
   785  0.1310678E+00  0.2391682E+00 -0.9000000E+00
   786  0.1148004E+00  0.2473884E+00 -0.9000000E+00
   787  0.9802030E-01  0.2545038E+00 -0.9000000E+00
   788  0.8080243E-01  0.2604825E+00 -0.9000000E+00
   789  0.6322367E-01  0.2652978E+00 -0.9000000E+00
   790  0.4536255E-01  0.2689283E+00 -0.9000000E+00
   791  0.2729882E-01  0.2713576E+00 -0.9000000E+00
   792  0.9113176E-02  0.2725750E+00 -0.9000000E+00
   793 -0.9113176E-02  0.2725750E+00 -0.9000000E+00
   794 -0.2729882E-01  0.2713576E+00 -0.9000000E+00
   795 -0.4536255E-01  0.2689283E+00 -0.9000000E+00
   796 -0.6322367E-01  0.2652978E+00 -0.9000000E+00
   797 -0.8080243E-01  0.2604825E+00 -0.9000000E+00
   798 -0.9802030E-01  0.2545038E+00 -0.9000000E+00
   799 -0.1148004E+00  0.2473884E+00 -0.9000000E+00
   800 -0.1310678E+00  0.2391682E+00 -0.9000000E+00
   801 -0.1467497E+00  0.2298797E+00 -0.9000000E+00
   802 -0.1617763E+00  0.2195646E+00 -0.9000000E+00
   803 -0.1760803E+00  0.2082688E+00 -0.9000000E+00
   804 -0.1895979E+00  0.1960428E+00 -0.9000000E+00
   805 -0.2022687E+00  0.1829413E+00 -0.9000000E+00
   806 -0.2140362E+00  0.1690227E+00 -0.9000000E+00
   807 -0.2248477E+00  0.1543492E+00 -0.9000000E+00
   808 -0.2346550E+00  0.1389864E+00 -0.9000000E+00
   809 -0.2434142E+00  0.1230028E+00 -0.9000000E+00
   810 -0.2510863E+00  0.1064698E+00 -0.9000000E+00
   811 -0.2576370E+00  0.8946133E-01 -0.9000000E+00
   812 -0.2630371E+00  0.7205329E-01 -0.9000000E+00
   813 -0.2672623E+00  0.5432345E-01 -0.9000000E+00
   814 -0.2702939E+00  0.3635099E-01 -0.9000000E+00
   815 -0.2721182E+00  0.1821617E-01 -0.9000000E+00
   816 -0.2727273E+00  0.3341310E-16 -0.9000000E+00
   817  0.2272727E+00  0.0000000E+00 -0.9000000E+00
   818  0.2267652E+00  0.1518014E-01 -0.9000000E+00
   819  0.2252449E+00  0.3029249E-01 -0.9000000E+00
   820  0.2227186E+00  0.4526954E-01 -0.9000000E+00
   821  0.2191975E+00  0.6004441E-01 -0.9000000E+00
   822  0.2146975E+00  0.7455111E-01 -0.9000000E+00
   823  0.2092386E+00  0.8872484E-01 -0.9000000E+00
   824  0.2028452E+00  0.1025023E+00 -0.9000000E+00
   825  0.1955458E+00  0.1158220E+00 -0.9000000E+00
   826  0.1873731E+00  0.1286243E+00 -0.9000000E+00
   827  0.1783635E+00  0.1408522E+00 -0.9000000E+00
   828  0.1685573E+00  0.1524511E+00 -0.9000000E+00
   829  0.1579983E+00  0.1633690E+00 -0.9000000E+00
   830  0.1467336E+00  0.1735573E+00 -0.9000000E+00
   831  0.1348136E+00  0.1829705E+00 -0.9000000E+00
   832  0.1222914E+00  0.1915664E+00 -0.9000000E+00
   833  0.1092231E+00  0.1993068E+00 -0.9000000E+00
   834  0.9566699E-01  0.2061570E+00 -0.9000000E+00
   835  0.8168358E-01  0.2120865E+00 -0.9000000E+00
   836  0.6733536E-01  0.2170687E+00 -0.9000000E+00
   837  0.5268640E-01  0.2210815E+00 -0.9000000E+00
   838  0.3780213E-01  0.2241069E+00 -0.9000000E+00
   839  0.2274902E-01  0.2261313E+00 -0.9000000E+00
   840  0.7594313E-02  0.2271458E+00 -0.9000000E+00
   841 -0.7594313E-02  0.2271458E+00 -0.9000000E+00
   842 -0.2274902E-01  0.2261313E+00 -0.9000000E+00
   843 -0.3780213E-01  0.2241069E+00 -0.9000000E+00
   844 -0.5268640E-01  0.2210815E+00 -0.9000000E+00
   845 -0.6733536E-01  0.2170687E+00 -0.9000000E+00
   846 -0.8168358E-01  0.2120865E+00 -0.9000000E+00
   847 -0.9566699E-01  0.2061570E+00 -0.9000000E+00
   848 -0.1092231E+00  0.1993068E+00 -0.9000000E+00
   849 -0.1222914E+00  0.1915664E+00 -0.9000000E+00
   850 -0.1348136E+00  0.1829705E+00 -0.9000000E+00
   851 -0.1467336E+00  0.1735573E+00 -0.9000000E+00
   852 -0.1579983E+00  0.1633690E+00 -0.9000000E+00
   853 -0.1685573E+00  0.1524511E+00 -0.9000000E+00
   854 -0.1783635E+00  0.1408522E+00 -0.9000000E+00
   855 -0.1873731E+00  0.1286243E+00 -0.9000000E+00
   856 -0.1955458E+00  0.1158220E+00 -0.9000000E+00
   857 -0.2028452E+00  0.1025023E+00 -0.9000000E+00
   858 -0.2092386E+00  0.8872484E-01 -0.9000000E+00
   859 -0.2146975E+00  0.7455111E-01 -0.9000000E+00
   860 -0.2191975E+00  0.6004441E-01 -0.9000000E+00
   861 -0.2227186E+00  0.4526954E-01 -0.9000000E+00
   862 -0.2252449E+00  0.3029249E-01 -0.9000000E+00
   863 -0.2267652E+00  0.1518014E-01 -0.9000000E+00
   864 -0.2272727E+00  0.2784430E-16 -0.9000000E+00
   865  0.1818182E+00  0.0000000E+00 -0.9000000E+00
   866  0.1814122E+00  0.1214411E-01 -0.9000000E+00
   867  0.1801959E+00  0.2423399E-01 -0.9000000E+00
   868  0.1781749E+00  0.3621563E-01 -0.9000000E+00
   869  0.1753580E+00  0.4803553E-01 -0.9000000E+00
   870  0.1717580E+00  0.5964088E-01 -0.9000000E+00
   871  0.1673909E+00  0.7097987E-01 -0.9000000E+00
   872  0.1622761E+00  0.8200184E-01 -0.9000000E+00
   873  0.1564367E+00  0.9265757E-01 -0.9000000E+00
   874  0.1498985E+00  0.1028995E+00 -0.9000000E+00
   875  0.1426908E+00  0.1126818E+00 -0.9000000E+00
   876  0.1348458E+00  0.1219609E+00 -0.9000000E+00
   877  0.1263986E+00  0.1306952E+00 -0.9000000E+00
   878  0.1173869E+00  0.1388459E+00 -0.9000000E+00
   879  0.1078509E+00  0.1463764E+00 -0.9000000E+00
   880  0.9783316E-01  0.1532531E+00 -0.9000000E+00
   881  0.8737850E-01  0.1594454E+00 -0.9000000E+00
   882  0.7653359E-01  0.1649256E+00 -0.9000000E+00
   883  0.6534687E-01  0.1696692E+00 -0.9000000E+00
   884  0.5386829E-01  0.1736550E+00 -0.9000000E+00
   885  0.4214912E-01  0.1768652E+00 -0.9000000E+00
   886  0.3024170E-01  0.1792855E+00 -0.9000000E+00
   887  0.1819922E-01  0.1809051E+00 -0.9000000E+00
   888  0.6075450E-02  0.1817167E+00 -0.9000000E+00
   889 -0.6075450E-02  0.1817167E+00 -0.9000000E+00
   890 -0.1819922E-01  0.1809051E+00 -0.9000000E+00
   891 -0.3024170E-01  0.1792855E+00 -0.9000000E+00
   892 -0.4214912E-01  0.1768652E+00 -0.9000000E+00
   893 -0.5386829E-01  0.1736550E+00 -0.9000000E+00
   894 -0.6534687E-01  0.1696692E+00 -0.9000000E+00
   895 -0.7653359E-01  0.1649256E+00 -0.9000000E+00
   896 -0.8737850E-01  0.1594454E+00 -0.9000000E+00
   897 -0.9783316E-01  0.1532531E+00 -0.9000000E+00
   898 -0.1078509E+00  0.1463764E+00 -0.9000000E+00
   899 -0.1173869E+00  0.1388459E+00 -0.9000000E+00
   900 -0.1263986E+00  0.1306952E+00 -0.9000000E+00
   901 -0.1348458E+00  0.1219609E+00 -0.9000000E+00
   902 -0.1426908E+00  0.1126818E+00 -0.9000000E+00
   903 -0.1498985E+00  0.1028995E+00 -0.9000000E+00
   904 -0.1564367E+00  0.9265757E-01 -0.9000000E+00
   905 -0.1622761E+00  0.8200184E-01 -0.9000000E+00
   906 -0.1673909E+00  0.7097987E-01 -0.9000000E+00
   907 -0.1717580E+00  0.5964088E-01 -0.9000000E+00
   908 -0.1753580E+00  0.4803553E-01 -0.9000000E+00
   909 -0.1781749E+00  0.3621563E-01 -0.9000000E+00
   910 -0.1801959E+00  0.2423399E-01 -0.9000000E+00
   911 -0.1814122E+00  0.1214411E-01 -0.9000000E+00
   912 -0.1818182E+00  0.2227540E-16 -0.9000000E+00
   913  0.1363636E+00  0.0000000E+00 -0.9000000E+00
   914  0.1360591E+00  0.9108086E-02 -0.9000000E+00
   915  0.1351469E+00  0.1817549E-01 -0.9000000E+00
   916  0.1336311E+00  0.2716172E-01 -0.9000000E+00
   917  0.1315185E+00  0.3602665E-01 -0.9000000E+00
   918  0.1288185E+00  0.4473066E-01 -0.9000000E+00
   919  0.1255432E+00  0.5323490E-01 -0.9000000E+00
   920  0.1217071E+00  0.6150138E-01 -0.9000000E+00
   921  0.1173275E+00  0.6949318E-01 -0.9000000E+00
   922  0.1124239E+00  0.7717460E-01 -0.9000000E+00
   923  0.1070181E+00  0.8451135E-01 -0.9000000E+00
   924  0.1011344E+00  0.9147064E-01 -0.9000000E+00
   925  0.9479897E-01  0.9802141E-01 -0.9000000E+00
   926  0.8804017E-01  0.1041344E+00 -0.9000000E+00
   927  0.8088814E-01  0.1097823E+00 -0.9000000E+00
   928  0.7337487E-01  0.1149399E+00 -0.9000000E+00
   929  0.6553388E-01  0.1195841E+00 -0.9000000E+00
   930  0.5740020E-01  0.1236942E+00 -0.9000000E+00
   931  0.4901015E-01  0.1272519E+00 -0.9000000E+00
   932  0.4040122E-01  0.1302412E+00 -0.9000000E+00
   933  0.3161184E-01  0.1326489E+00 -0.9000000E+00
   934  0.2268128E-01  0.1344641E+00 -0.9000000E+00
   935  0.1364941E-01  0.1356788E+00 -0.9000000E+00
   936  0.4556588E-02  0.1362875E+00 -0.9000000E+00
   937 -0.4556588E-02  0.1362875E+00 -0.9000000E+00
   938 -0.1364941E-01  0.1356788E+00 -0.9000000E+00
   939 -0.2268128E-01  0.1344641E+00 -0.9000000E+00
   940 -0.3161184E-01  0.1326489E+00 -0.9000000E+00
   941 -0.4040122E-01  0.1302412E+00 -0.9000000E+00
   942 -0.4901015E-01  0.1272519E+00 -0.9000000E+00
   943 -0.5740020E-01  0.1236942E+00 -0.9000000E+00
   944 -0.6553388E-01  0.1195841E+00 -0.9000000E+00
   945 -0.7337487E-01  0.1149399E+00 -0.9000000E+00
   946 -0.8088814E-01  0.1097823E+00 -0.9000000E+00
   947 -0.8804017E-01  0.1041344E+00 -0.9000000E+00
   948 -0.9479897E-01  0.9802141E-01 -0.9000000E+00
   949 -0.1011344E+00  0.9147064E-01 -0.9000000E+00
   950 -0.1070181E+00  0.8451135E-01 -0.9000000E+00
   951 -0.1124239E+00  0.7717460E-01 -0.9000000E+00
   952 -0.1173275E+00  0.6949318E-01 -0.9000000E+00
   953 -0.1217071E+00  0.6150138E-01 -0.9000000E+00
   954 -0.1255432E+00  0.5323490E-01 -0.9000000E+00
   955 -0.1288185E+00  0.4473066E-01 -0.9000000E+00
   956 -0.1315185E+00  0.3602665E-01 -0.9000000E+00
   957 -0.1336311E+00  0.2716172E-01 -0.9000000E+00
   958 -0.1351469E+00  0.1817549E-01 -0.9000000E+00
   959 -0.1360591E+00  0.9108086E-02 -0.9000000E+00
   960 -0.1363636E+00  0.1670660E-16 -0.9000000E+00
   961  0.9090909E-01  0.0000000E+00 -0.9000000E+00
   962  0.9070608E-01  0.6072058E-02 -0.9000000E+00
   963  0.9009796E-01  0.1211700E-01 -0.9000000E+00
   964  0.8908743E-01  0.1810782E-01 -0.9000000E+00
   965  0.8767901E-01  0.2401776E-01 -0.9000000E+00
   966  0.8587901E-01  0.2982044E-01 -0.9000000E+00
   967  0.8369544E-01  0.3548994E-01 -0.9000000E+00
   968  0.8113807E-01  0.4100092E-01 -0.9000000E+00
   969  0.7821833E-01  0.4632879E-01 -0.9000000E+00
   970  0.7494923E-01  0.5144973E-01 -0.9000000E+00
   971  0.7134540E-01  0.5634090E-01 -0.9000000E+00
   972  0.6742292E-01  0.6098043E-01 -0.9000000E+00
   973  0.6319931E-01  0.6534760E-01 -0.9000000E+00
   974  0.5869344E-01  0.6942293E-01 -0.9000000E+00
   975  0.5392543E-01  0.7318819E-01 -0.9000000E+00
   976  0.4891658E-01  0.7662657E-01 -0.9000000E+00
   977  0.4368925E-01  0.7972272E-01 -0.9000000E+00
   978  0.3826680E-01  0.8246281E-01 -0.9000000E+00
   979  0.3267343E-01  0.8483460E-01 -0.9000000E+00
   980  0.2693414E-01  0.8682750E-01 -0.9000000E+00
   981  0.2107456E-01  0.8843260E-01 -0.9000000E+00
   982  0.1512085E-01  0.8964275E-01 -0.9000000E+00
   983  0.9099608E-02  0.9045253E-01 -0.9000000E+00
   984  0.3037725E-02  0.9085833E-01 -0.9000000E+00
   985 -0.3037725E-02  0.9085833E-01 -0.9000000E+00
   986 -0.9099608E-02  0.9045253E-01 -0.9000000E+00
   987 -0.1512085E-01  0.8964275E-01 -0.9000000E+00
   988 -0.2107456E-01  0.8843260E-01 -0.9000000E+00
   989 -0.2693414E-01  0.8682750E-01 -0.9000000E+00
   990 -0.3267343E-01  0.8483460E-01 -0.9000000E+00
   991 -0.3826680E-01  0.8246281E-01 -0.9000000E+00
   992 -0.4368925E-01  0.7972272E-01 -0.9000000E+00
   993 -0.4891658E-01  0.7662657E-01 -0.9000000E+00
   994 -0.5392543E-01  0.7318819E-01 -0.9000000E+00
   995 -0.5869344E-01  0.6942293E-01 -0.9000000E+00
   996 -0.6319931E-01  0.6534760E-01 -0.9000000E+00
   997 -0.6742292E-01  0.6098043E-01 -0.9000000E+00
   998 -0.7134540E-01  0.5634090E-01 -0.9000000E+00
   999 -0.7494923E-01  0.5144973E-01 -0.9000000E+00
  1000 -0.7821833E-01  0.4632879E-01 -0.9000000E+00
  1001 -0.8113807E-01  0.4100092E-01 -0.9000000E+00
  1002 -0.8369544E-01  0.3548994E-01 -0.9000000E+00
  1003 -0.8587901E-01  0.2982044E-01 -0.9000000E+00
  1004 -0.8767901E-01  0.2401776E-01 -0.9000000E+00
  1005 -0.8908743E-01  0.1810782E-01 -0.9000000E+00
  1006 -0.9009796E-01  0.1211700E-01 -0.9000000E+00
  1007 -0.9070608E-01  0.6072058E-02 -0.9000000E+00
  1008 -0.9090909E-01  0.1113770E-16 -0.9000000E+00
  1009  0.4545455E-01  0.0000000E+00 -0.9000000E+00
  1010  0.4535304E-01  0.3036029E-02 -0.9000000E+00
  1011  0.4504898E-01  0.6058498E-02 -0.9000000E+00
  1012  0.4454371E-01  0.9053908E-02 -0.9000000E+00
  1013  0.4383951E-01  0.1200888E-01 -0.9000000E+00
  1014  0.4293950E-01  0.1491022E-01 -0.9000000E+00
  1015  0.4184772E-01  0.1774497E-01 -0.9000000E+00
  1016  0.4056904E-01  0.2050046E-01 -0.9000000E+00
  1017  0.3910916E-01  0.2316439E-01 -0.9000000E+00
  1018  0.3747462E-01  0.2572487E-01 -0.9000000E+00
  1019  0.3567270E-01  0.2817045E-01 -0.9000000E+00
  1020  0.3371146E-01  0.3049022E-01 -0.9000000E+00
  1021  0.3159966E-01  0.3267380E-01 -0.9000000E+00
  1022  0.2934672E-01  0.3471146E-01 -0.9000000E+00
  1023  0.2696272E-01  0.3659409E-01 -0.9000000E+00
  1024  0.2445829E-01  0.3831328E-01 -0.9000000E+00
  1025  0.2184463E-01  0.3986136E-01 -0.9000000E+00
  1026  0.1913340E-01  0.4123140E-01 -0.9000000E+00
  1027  0.1633672E-01  0.4241730E-01 -0.9000000E+00
  1028  0.1346707E-01  0.4341375E-01 -0.9000000E+00
  1029  0.1053728E-01  0.4421630E-01 -0.9000000E+00
  1030  0.7560425E-02  0.4482137E-01 -0.9000000E+00
  1031  0.4549804E-02  0.4522626E-01 -0.9000000E+00
  1032  0.1518863E-02  0.4542916E-01 -0.9000000E+00
  1033 -0.1518863E-02  0.4542916E-01 -0.9000000E+00
  1034 -0.4549804E-02  0.4522626E-01 -0.9000000E+00
  1035 -0.7560425E-02  0.4482137E-01 -0.9000000E+00
  1036 -0.1053728E-01  0.4421630E-01 -0.9000000E+00
  1037 -0.1346707E-01  0.4341375E-01 -0.9000000E+00
  1038 -0.1633672E-01  0.4241730E-01 -0.9000000E+00
  1039 -0.1913340E-01  0.4123140E-01 -0.9000000E+00
  1040 -0.2184463E-01  0.3986136E-01 -0.9000000E+00
  1041 -0.2445829E-01  0.3831328E-01 -0.9000000E+00
  1042 -0.2696272E-01  0.3659409E-01 -0.9000000E+00
  1043 -0.2934672E-01  0.3471146E-01 -0.9000000E+00
  1044 -0.3159966E-01  0.3267380E-01 -0.9000000E+00
  1045 -0.3371146E-01  0.3049022E-01 -0.9000000E+00
  1046 -0.3567270E-01  0.2817045E-01 -0.9000000E+00
  1047 -0.3747462E-01  0.2572487E-01 -0.9000000E+00
  1048 -0.3910916E-01  0.2316439E-01 -0.9000000E+00
  1049 -0.4056904E-01  0.2050046E-01 -0.9000000E+00
  1050 -0.4184772E-01  0.1774497E-01 -0.9000000E+00
  1051 -0.4293950E-01  0.1491022E-01 -0.9000000E+00
  1052 -0.4383951E-01  0.1200888E-01 -0.9000000E+00
  1053 -0.4454371E-01  0.9053908E-02 -0.9000000E+00
  1054 -0.4504898E-01  0.6058498E-02 -0.9000000E+00
  1055 -0.4535304E-01  0.3036029E-02 -0.9000000E+00
  1056 -0.4545455E-01  0.5568860E-17 -0.9000000E+00
     0  0.0000000E+00  0.0000000E+00  0.0000000E+00
      2      1     49     50
      3      2     50     51
      4      3     51     52
      5      4     52     53
      6      5     53     54
      7      6     54     55
      8      7     55     56
      9      8     56     57
     10      9     57     58
     11     10     58     59
     12     11     59     60
     13     12     60     61
     14     13     61     62
     15     14     62     63
     16     15     63     64
     17     16     64     65
     18     17     65     66
     19     18     66     67
     20     19     67     68
     21     20     68     69
     22     21     69     70
     23     22     70     71
     24     23     71     72
     25     24     72     73
     26     25     73     74
     27     26     74     75
     28     27     75     76
     29     28     76     77
     30     29     77     78
     31     30     78     79
     32     31     79     80
     33     32     80     81
     34     33     81     82
     35     34     82     83
     36     35     83     84
     37     36     84     85
     38     37     85     86
     39     38     86     87
     40     39     87     88
     41     40     88     89
     42     41     89     90
     43     42     90     91
     44     43     91     92
     45     44     92     93
     46     45     93     94
     47     46     94     95
     48     47     95     96
     50     49     97     98
     51     50     98     99
     52     51     99    100
     53     52    100    101
     54     53    101    102
     55     54    102    103
     56     55    103    104
     57     56    104    105
     58     57    105    106
     59     58    106    107
     60     59    107    108
     61     60    108    109
     62     61    109    110
     63     62    110    111
     64     63    111    112
     65     64    112    113
     66     65    113    114
     67     66    114    115
     68     67    115    116
     69     68    116    117
     70     69    117    118
     71     70    118    119
     72     71    119    120
     73     72    120    121
     74     73    121    122
     75     74    122    123
     76     75    123    124
     77     76    124    125
     78     77    125    126
     79     78    126    127
     80     79    127    128
     81     80    128    129
     82     81    129    130
     83     82    130    131
     84     83    131    132
     85     84    132    133
     86     85    133    134
     87     86    134    135
     88     87    135    136
     89     88    136    137
     90     89    137    138
     91     90    138    139
     92     91    139    140
     93     92    140    141
     94     93    141    142
     95     94    142    143
     96     95    143    144
     98     97    145    146
     99     98    146    147
    100     99    147    148
    101    100    148    149
    102    101    149    150
    103    102    150    151
    104    103    151    152
    105    104    152    153
    106    105    153    154
    107    106    154    155
    108    107    155    156
    109    108    156    157
    110    109    157    158
    111    110    158    159
    112    111    159    160
    113    112    160    161
    114    113    161    162
    115    114    162    163
    116    115    163    164
    117    116    164    165
    118    117    165    166
    119    118    166    167
    120    119    167    168
    121    120    168    169
    122    121    169    170
    123    122    170    171
    124    123    171    172
    125    124    172    173
    126    125    173    174
    127    126    174    175
    128    127    175    176
    129    128    176    177
    130    129    177    178
    131    130    178    179
    132    131    179    180
    133    132    180    181
    134    133    181    182
    135    134    182    183
    136    135    183    184
    137    136    184    185
    138    137    185    186
    139    138    186    187
    140    139    187    188
    141    140    188    189
    142    141    189    190
    143    142    190    191
    144    143    191    192
    146    145    193    194
    147    146    194    195
    148    147    195    196
    149    148    196    197
    150    149    197    198
    151    150    198    199
    152    151    199    200
    153    152    200    201
    154    153    201    202
    155    154    202    203
    156    155    203    204
    157    156    204    205
    158    157    205    206
    159    158    206    207
    160    159    207    208
    161    160    208    209
    162    161    209    210
    163    162    210    211
    164    163    211    212
    165    164    212    213
    166    165    213    214
    167    166    214    215
    168    167    215    216
    169    168    216    217
    170    169    217    218
    171    170    218    219
    172    171    219    220
    173    172    220    221
    174    173    221    222
    175    174    222    223
    176    175    223    224
    177    176    224    225
    178    177    225    226
    179    178    226    227
    180    179    227    228
    181    180    228    229
    182    181    229    230
    183    182    230    231
    184    183    231    232
    185    184    232    233
    186    185    233    234
    187    186    234    235
    188    187    235    236
    189    188    236    237
    190    189    237    238
    191    190    238    239
    192    191    239    240
    194    193    241    242
    195    194    242    243
    196    195    243    244
    197    196    244    245
    198    197    245    246
    199    198    246    247
    200    199    247    248
    201    200    248    249
    202    201    249    250
    203    202    250    251
    204    203    251    252
    205    204    252    253
    206    205    253    254
    207    206    254    255
    208    207    255    256
    209    208    256    257
    210    209    257    258
    211    210    258    259
    212    211    259    260
    213    212    260    261
    214    213    261    262
    215    214    262    263
    216    215    263    264
    217    216    264    265
    218    217    265    266
    219    218    266    267
    220    219    267    268
    221    220    268    269
    222    221    269    270
    223    222    270    271
    224    223    271    272
    225    224    272    273
    226    225    273    274
    227    226    274    275
    228    227    275    276
    229    228    276    277
    230    229    277    278
    231    230    278    279
    232    231    279    280
    233    232    280    281
    234    233    281    282
    235    234    282    283
    236    235    283    284
    237    236    284    285
    238    237    285    286
    239    238    286    287
    240    239    287    288
    242    241    289    290
    243    242    290    291
    244    243    291    292
    245    244    292    293
    246    245    293    294
    247    246    294    295
    248    247    295    296
    249    248    296    297
    250    249    297    298
    251    250    298    299
    252    251    299    300
    253    252    300    301
    254    253    301    302
    255    254    302    303
    256    255    303    304
    257    256    304    305
    258    257    305    306
    259    258    306    307
    260    259    307    308
    261    260    308    309
    262    261    309    310
    263    262    310    311
    264    263    311    312
    265    264    312    313
    266    265    313    314
    267    266    314    315
    268    267    315    316
    269    268    316    317
    270    269    317    318
    271    270    318    319
    272    271    319    320
    273    272    320    321
    274    273    321    322
    275    274    322    323
    276    275    323    324
    277    276    324    325
    278    277    325    326
    279    278    326    327
    280    279    327    328
    281    280    328    329
    282    281    329    330
    283    282    330    331
    284    283    331    332
    285    284    332    333
    286    285    333    334
    287    286    334    335
    288    287    335    336
    290    289    337    338
    291    290    338    339
    292    291    339    340
    293    292    340    341
    294    293    341    342
    295    294    342    343
    296    295    343    344
    297    296    344    345
    298    297    345    346
    299    298    346    347
    300    299    347    348
    301    300    348    349
    302    301    349    350
    303    302    350    351
    304    303    351    352
    305    304    352    353
    306    305    353    354
    307    306    354    355
    308    307    355    356
    309    308    356    357
    310    309    357    358
    311    310    358    359
    312    311    359    360
    313    312    360    361
    314    313    361    362
    315    314    362    363
    316    315    363    364
    317    316    364    365
    318    317    365    366
    319    318    366    367
    320    319    367    368
    321    320    368    369
    322    321    369    370
    323    322    370    371
    324    323    371    372
    325    324    372    373
    326    325    373    374
    327    326    374    375
    328    327    375    376
    329    328    376    377
    330    329    377    378
    331    330    378    379
    332    331    379    380
    333    332    380    381
    334    333    381    382
    335    334    382    383
    336    335    383    384
    338    337    385    386
    339    338    386    387
    340    339    387    388
    341    340    388    389
    342    341    389    390
    343    342    390    391
    344    343    391    392
    345    344    392    393
    346    345    393    394
    347    346    394    395
    348    347    395    396
    349    348    396    397
    350    349    397    398
    351    350    398    399
    352    351    399    400
    353    352    400    401
    354    353    401    402
    355    354    402    403
    356    355    403    404
    357    356    404    405
    358    357    405    406
    359    358    406    407
    360    359    407    408
    361    360    408    409
    362    361    409    410
    363    362    410    411
    364    363    411    412
    365    364    412    413
    366    365    413    414
    367    366    414    415
    368    367    415    416
    369    368    416    417
    370    369    417    418
    371    370    418    419
    372    371    419    420
    373    372    420    421
    374    373    421    422
    375    374    422    423
    376    375    423    424
    377    376    424    425
    378    377    425    426
    379    378    426    427
    380    379    427    428
    381    380    428    429
    382    381    429    430
    383    382    430    431
    384    383    431    432
    386    385    433    434
    387    386    434    435
    388    387    435    436
    389    388    436    437
    390    389    437    438
    391    390    438    439
    392    391    439    440
    393    392    440    441
    394    393    441    442
    395    394    442    443
    396    395    443    444
    397    396    444    445
    398    397    445    446
    399    398    446    447
    400    399    447    448
    401    400    448    449
    402    401    449    450
    403    402    450    451
    404    403    451    452
    405    404    452    453
    406    405    453    454
    407    406    454    455
    408    407    455    456
    409    408    456    457
    410    409    457    458
    411    410    458    459
    412    411    459    460
    413    412    460    461
    414    413    461    462
    415    414    462    463
    416    415    463    464
    417    416    464    465
    418    417    465    466
    419    418    466    467
    420    419    467    468
    421    420    468    469
    422    421    469    470
    423    422    470    471
    424    423    471    472
    425    424    472    473
    426    425    473    474
    427    426    474    475
    428    427    475    476
    429    428    476    477
    430    429    477    478
    431    430    478    479
    432    431    479    480
    434    433    481    482
    435    434    482    483
    436    435    483    484
    437    436    484    485
    438    437    485    486
    439    438    486    487
    440    439    487    488
    441    440    488    489
    442    441    489    490
    443    442    490    491
    444    443    491    492
    445    444    492    493
    446    445    493    494
    447    446    494    495
    448    447    495    496
    449    448    496    497
    450    449    497    498
    451    450    498    499
    452    451    499    500
    453    452    500    501
    454    453    501    502
    455    454    502    503
    456    455    503    504
    457    456    504    505
    458    457    505    506
    459    458    506    507
    460    459    507    508
    461    460    508    509
    462    461    509    510
    463    462    510    511
    464    463    511    512
    465    464    512    513
    466    465    513    514
    467    466    514    515
    468    467    515    516
    469    468    516    517
    470    469    517    518
    471    470    518    519
    472    471    519    520
    473    472    520    521
    474    473    521    522
    475    474    522    523
    476    475    523    524
    477    476    524    525
    478    477    525    526
    479    478    526    527
    480    479    527    528
    482    481    529    530
    483    482    530    531
    484    483    531    532
    485    484    532    533
    486    485    533    534
    487    486    534    535
    488    487    535    536
    489    488    536    537
    490    489    537    538
    491    490    538    539
    492    491    539    540
    493    492    540    541
    494    493    541    542
    495    494    542    543
    496    495    543    544
    497    496    544    545
    498    497    545    546
    499    498    546    547
    500    499    547    548
    501    500    548    549
    502    501    549    550
    503    502    550    551
    504    503    551    552
    505    504    552    553
    506    505    553    554
    507    506    554    555
    508    507    555    556
    509    508    556    557
    510    509    557    558
    511    510    558    559
    512    511    559    560
    513    512    560    561
    514    513    561    562
    515    514    562    563
    516    515    563    564
    517    516    564    565
    518    517    565    566
    519    518    566    567
    520    519    567    568
    521    520    568    569
    522    521    569    570
    523    522    570    571
    524    523    571    572
    525    524    572    573
    526    525    573    574
    527    526    574    575
    528    527    575    576
    530    529    577    578
    531    530    578    579
    532    531    579    580
    533    532    580    581
    534    533    581    582
    535    534    582    583
    536    535    583    584
    537    536    584    585
    538    537    585    586
    539    538    586    587
    540    539    587    588
    541    540    588    589
    542    541    589    590
    543    542    590    591
    544    543    591    592
    545    544    592    593
    546    545    593    594
    547    546    594    595
    548    547    595    596
    549    548    596    597
    550    549    597    598
    551    550    598    599
    552    551    599    600
    553    552    600    601
    554    553    601    602
    555    554    602    603
    556    555    603    604
    557    556    604    605
    558    557    605    606
    559    558    606    607
    560    559    607    608
    561    560    608    609
    562    561    609    610
    563    562    610    611
    564    563    611    612
    565    564    612    613
    566    565    613    614
    567    566    614    615
    568    567    615    616
    569    568    616    617
    570    569    617    618
    571    570    618    619
    572    571    619    620
    573    572    620    621
    574    573    621    622
    575    574    622    623
    576    575    623    624
    578    577    625    626
    579    578    626    627
    580    579    627    628
    581    580    628    629
    582    581    629    630
    583    582    630    631
    584    583    631    632
    585    584    632    633
    586    585    633    634
    587    586    634    635
    588    587    635    636
    589    588    636    637
    590    589    637    638
    591    590    638    639
    592    591    639    640
    593    592    640    641
    594    593    641    642
    595    594    642    643
    596    595    643    644
    597    596    644    645
    598    597    645    646
    599    598    646    647
    600    599    647    648
    601    600    648    649
    602    601    649    650
    603    602    650    651
    604    603    651    652
    605    604    652    653
    606    605    653    654
    607    606    654    655
    608    607    655    656
    609    608    656    657
    610    609    657    658
    611    610    658    659
    612    611    659    660
    613    612    660    661
    614    613    661    662
    615    614    662    663
    616    615    663    664
    617    616    664    665
    618    617    665    666
    619    618    666    667
    620    619    667    668
    621    620    668    669
    622    621    669    670
    623    622    670    671
    624    623    671    672
    626    625    673    674
    627    626    674    675
    628    627    675    676
    629    628    676    677
    630    629    677    678
    631    630    678    679
    632    631    679    680
    633    632    680    681
    634    633    681    682
    635    634    682    683
    636    635    683    684
    637    636    684    685
    638    637    685    686
    639    638    686    687
    640    639    687    688
    641    640    688    689
    642    641    689    690
    643    642    690    691
    644    643    691    692
    645    644    692    693
    646    645    693    694
    647    646    694    695
    648    647    695    696
    649    648    696    697
    650    649    697    698
    651    650    698    699
    652    651    699    700
    653    652    700    701
    654    653    701    702
    655    654    702    703
    656    655    703    704
    657    656    704    705
    658    657    705    706
    659    658    706    707
    660    659    707    708
    661    660    708    709
    662    661    709    710
    663    662    710    711
    664    663    711    712
    665    664    712    713
    666    665    713    714
    667    666    714    715
    668    667    715    716
    669    668    716    717
    670    669    717    718
    671    670    718    719
    672    671    719    720
    674    673    721    722
    675    674    722    723
    676    675    723    724
    677    676    724    725
    678    677    725    726
    679    678    726    727
    680    679    727    728
    681    680    728    729
    682    681    729    730
    683    682    730    731
    684    683    731    732
    685    684    732    733
    686    685    733    734
    687    686    734    735
    688    687    735    736
    689    688    736    737
    690    689    737    738
    691    690    738    739
    692    691    739    740
    693    692    740    741
    694    693    741    742
    695    694    742    743
    696    695    743    744
    697    696    744    745
    698    697    745    746
    699    698    746    747
    700    699    747    748
    701    700    748    749
    702    701    749    750
    703    702    750    751
    704    703    751    752
    705    704    752    753
    706    705    753    754
    707    706    754    755
    708    707    755    756
    709    708    756    757
    710    709    757    758
    711    710    758    759
    712    711    759    760
    713    712    760    761
    714    713    761    762
    715    714    762    763
    716    715    763    764
    717    716    764    765
    718    717    765    766
    719    718    766    767
    720    719    767    768
    722    721    769    770
    723    722    770    771
    724    723    771    772
    725    724    772    773
    726    725    773    774
    727    726    774    775
    728    727    775    776
    729    728    776    777
    730    729    777    778
    731    730    778    779
    732    731    779    780
    733    732    780    781
    734    733    781    782
    735    734    782    783
    736    735    783    784
    737    736    784    785
    738    737    785    786
    739    738    786    787
    740    739    787    788
    741    740    788    789
    742    741    789    790
    743    742    790    791
    744    743    791    792
    745    744    792    793
    746    745    793    794
    747    746    794    795
    748    747    795    796
    749    748    796    797
    750    749    797    798
    751    750    798    799
    752    751    799    800
    753    752    800    801
    754    753    801    802
    755    754    802    803
    756    755    803    804
    757    756    804    805
    758    757    805    806
    759    758    806    807
    760    759    807    808
    761    760    808    809
    762    761    809    810
    763    762    810    811
    764    763    811    812
    765    764    812    813
    766    765    813    814
    767    766    814    815
    768    767    815    816
    770    769    817    818
    771    770    818    819
    772    771    819    820
    773    772    820    821
    774    773    821    822
    775    774    822    823
    776    775    823    824
    777    776    824    825
    778    777    825    826
    779    778    826    827
    780    779    827    828
    781    780    828    829
    782    781    829    830
    783    782    830    831
    784    783    831    832
    785    784    832    833
    786    785    833    834
    787    786    834    835
    788    787    835    836
    789    788    836    837
    790    789    837    838
    791    790    838    839
    792    791    839    840
    793    792    840    841
    794    793    841    842
    795    794    842    843
    796    795    843    844
    797    796    844    845
    798    797    845    846
    799    798    846    847
    800    799    847    848
    801    800    848    849
    802    801    849    850
    803    802    850    851
    804    803    851    852
    805    804    852    853
    806    805    853    854
    807    806    854    855
    808    807    855    856
    809    808    856    857
    810    809    857    858
    811    810    858    859
    812    811    859    860
    813    812    860    861
    814    813    861    862
    815    814    862    863
    816    815    863    864
    818    817    865    866
    819    818    866    867
    820    819    867    868
    821    820    868    869
    822    821    869    870
    823    822    870    871
    824    823    871    872
    825    824    872    873
    826    825    873    874
    827    826    874    875
    828    827    875    876
    829    828    876    877
    830    829    877    878
    831    830    878    879
    832    831    879    880
    833    832    880    881
    834    833    881    882
    835    834    882    883
    836    835    883    884
    837    836    884    885
    838    837    885    886
    839    838    886    887
    840    839    887    888
    841    840    888    889
    842    841    889    890
    843    842    890    891
    844    843    891    892
    845    844    892    893
    846    845    893    894
    847    846    894    895
    848    847    895    896
    849    848    896    897
    850    849    897    898
    851    850    898    899
    852    851    899    900
    853    852    900    901
    854    853    901    902
    855    854    902    903
    856    855    903    904
    857    856    904    905
    858    857    905    906
    859    858    906    907
    860    859    907    908
    861    860    908    909
    862    861    909    910
    863    862    910    911
    864    863    911    912
    866    865    913    914
    867    866    914    915
    868    867    915    916
    869    868    916    917
    870    869    917    918
    871    870    918    919
    872    871    919    920
    873    872    920    921
    874    873    921    922
    875    874    922    923
    876    875    923    924
    877    876    924    925
    878    877    925    926
    879    878    926    927
    880    879    927    928
    881    880    928    929
    882    881    929    930
    883    882    930    931
    884    883    931    932
    885    884    932    933
    886    885    933    934
    887    886    934    935
    888    887    935    936
    889    888    936    937
    890    889    937    938
    891    890    938    939
    892    891    939    940
    893    892    940    941
    894    893    941    942
    895    894    942    943
    896    895    943    944
    897    896    944    945
    898    897    945    946
    899    898    946    947
    900    899    947    948
    901    900    948    949
    902    901    949    950
    903    902    950    951
    904    903    951    952
    905    904    952    953
    906    905    953    954
    907    906    954    955
    908    907    955    956
    909    908    956    957
    910    909    957    958
    911    910    958    959
    912    911    959    960
    914    913    961    962
    915    914    962    963
    916    915    963    964
    917    916    964    965
    918    917    965    966
    919    918    966    967
    920    919    967    968
    921    920    968    969
    922    921    969    970
    923    922    970    971
    924    923    971    972
    925    924    972    973
    926    925    973    974
    927    926    974    975
    928    927    975    976
    929    928    976    977
    930    929    977    978
    931    930    978    979
    932    931    979    980
    933    932    980    981
    934    933    981    982
    935    934    982    983
    936    935    983    984
    937    936    984    985
    938    937    985    986
    939    938    986    987
    940    939    987    988
    941    940    988    989
    942    941    989    990
    943    942    990    991
    944    943    991    992
    945    944    992    993
    946    945    993    994
    947    946    994    995
    948    947    995    996
    949    948    996    997
    950    949    997    998
    951    950    998    999
    952    951    999   1000
    953    952   1000   1001
    954    953   1001   1002
    955    954   1002   1003
    956    955   1003   1004
    957    956   1004   1005
    958    957   1005   1006
    959    958   1006   1007
    960    959   1007   1008
    962    961   1009   1010
    963    962   1010   1011
    964    963   1011   1012
    965    964   1012   1013
    966    965   1013   1014
    967    966   1014   1015
    968    967   1015   1016
    969    968   1016   1017
    970    969   1017   1018
    971    970   1018   1019
    972    971   1019   1020
    973    972   1020   1021
    974    973   1021   1022
    975    974   1022   1023
    976    975   1023   1024
    977    976   1024   1025
    978    977   1025   1026
    979    978   1026   1027
    980    979   1027   1028
    981    980   1028   1029
    982    981   1029   1030
    983    982   1030   1031
    984    983   1031   1032
    985    984   1032   1033
    986    985   1033   1034
    987    986   1034   1035
    988    987   1035   1036
    989    988   1036   1037
    990    989   1037   1038
    991    990   1038   1039
    992    991   1039   1040
    993    992   1040   1041
    994    993   1041   1042
    995    994   1042   1043
    996    995   1043   1044
    997    996   1044   1045
    998    997   1045   1046
    999    998   1046   1047
   1000    999   1047   1048
   1001   1000   1048   1049
   1002   1001   1049   1050
   1003   1002   1050   1051
   1004   1003   1051   1052
   1005   1004   1052   1053
   1006   1005   1053   1054
   1007   1006   1054   1055
   1008   1007   1055   1056
      0      0      0      0
