0
1056
1,0.5,0,0,
2,0.498883439,0.033396317,0,
3,0.495538744,0.066643478,0,
4,0.489980853,0.099592993,0,
5,0.482234588,0.132097701,0,
6,0.472334546,0.164012429,0,
7,0.460324943,0.195194638,0,
8,0.446259418,0.22550506,0,
9,0.43020079,0.254808321,0,
10,0.41222078,0.282973547,0,
11,0.392399693,0.309874944,0,
12,0.370826053,0.335392365,0,
13,0.347596214,0.359411842,0,
14,0.322813926,0.381826098,0,
15,0.296589872,0.402535027,0,
16,0.269041177,0.421446136,0,
17,0.240290878,0.438474964,0,
18,0.210467381,0.453545457,0,
19,0.179703886,0.466590306,0,
20,0.14813779,0.477551249,0,
21,0.115910075,0.486379332,0,
22,0.083164677,0.493035127,0,
23,0.050047846,0.497488908,0,
24,0.016707489,0.499720782,0,
25,-0.016707489,0.499720782,0,
26,-0.050047846,0.497488908,0,
27,-0.083164677,0.493035127,0,
28,-0.115910075,0.486379332,0,
29,-0.14813779,0.477551249,0,
30,-0.179703886,0.466590306,0,
31,-0.210467381,0.453545457,0,
32,-0.240290878,0.438474964,0,
33,-0.269041177,0.421446136,0,
34,-0.296589872,0.402535027,0,
35,-0.322813926,0.381826098,0,
36,-0.347596214,0.359411842,0,
37,-0.370826053,0.335392365,0,
38,-0.392399693,0.309874944,0,
39,-0.41222078,0.282973547,0,
40,-0.43020079,0.254808321,0,
41,-0.446259418,0.22550506,0,
42,-0.460324943,0.195194638,0,
43,-0.472334546,0.164012429,0,
44,-0.482234588,0.132097701,0,
45,-0.489980853,0.099592993,0,
46,-0.495538744,0.066643478,0,
47,-0.498883439,0.033396317,0,
48,-0.5,6.12574E-17,0,
49,0.5,0,-0.081818182,
50,0.498883439,0.033396317,-0.081818182,
51,0.495538744,0.066643478,-0.081818182,
52,0.489980853,0.099592993,-0.081818182,
53,0.482234588,0.132097701,-0.081818182,
54,0.472334546,0.164012429,-0.081818182,
55,0.460324943,0.195194638,-0.081818182,
56,0.446259418,0.22550506,-0.081818182,
57,0.43020079,0.254808321,-0.081818182,
58,0.41222078,0.282973547,-0.081818182,
59,0.392399693,0.309874944,-0.081818182,
60,0.370826053,0.335392365,-0.081818182,
61,0.347596214,0.359411842,-0.081818182,
62,0.322813926,0.381826098,-0.081818182,
63,0.296589872,0.402535027,-0.081818182,
64,0.269041177,0.421446136,-0.081818182,
65,0.240290878,0.438474964,-0.081818182,
66,0.210467381,0.453545457,-0.081818182,
67,0.179703886,0.466590306,-0.081818182,
68,0.14813779,0.477551249,-0.081818182,
69,0.115910075,0.486379332,-0.081818182,
70,0.083164677,0.493035127,-0.081818182,
71,0.050047846,0.497488908,-0.081818182,
72,0.016707489,0.499720782,-0.081818182,
73,-0.016707489,0.499720782,-0.081818182,
74,-0.050047846,0.497488908,-0.081818182,
75,-0.083164677,0.493035127,-0.081818182,
76,-0.115910075,0.486379332,-0.081818182,
77,-0.14813779,0.477551249,-0.081818182,
78,-0.179703886,0.466590306,-0.081818182,
79,-0.210467381,0.453545457,-0.081818182,
80,-0.240290878,0.438474964,-0.081818182,
81,-0.269041177,0.421446136,-0.081818182,
82,-0.296589872,0.402535027,-0.081818182,
83,-0.322813926,0.381826098,-0.081818182,
84,-0.347596214,0.359411842,-0.081818182,
85,-0.370826053,0.335392365,-0.081818182,
86,-0.392399693,0.309874944,-0.081818182,
87,-0.41222078,0.282973547,-0.081818182,
88,-0.43020079,0.254808321,-0.081818182,
89,-0.446259418,0.22550506,-0.081818182,
90,-0.460324943,0.195194638,-0.081818182,
91,-0.472334546,0.164012429,-0.081818182,
92,-0.482234588,0.132097701,-0.081818182,
93,-0.489980853,0.099592993,-0.081818182,
94,-0.495538744,0.066643478,-0.081818182,
95,-0.498883439,0.033396317,-0.081818182,
96,-0.5,6.12574E-17,-0.081818182,
97,0.5,0,-0.163636364,
98,0.498883439,0.033396317,-0.163636364,
99,0.495538744,0.066643478,-0.163636364,
100,0.489980853,0.099592993,-0.163636364,
101,0.482234588,0.132097701,-0.163636364,
102,0.472334546,0.164012429,-0.163636364,
103,0.460324943,0.195194638,-0.163636364,
104,0.446259418,0.22550506,-0.163636364,
105,0.43020079,0.254808321,-0.163636364,
106,0.41222078,0.282973547,-0.163636364,
107,0.392399693,0.309874944,-0.163636364,
108,0.370826053,0.335392365,-0.163636364,
109,0.347596214,0.359411842,-0.163636364,
110,0.322813926,0.381826098,-0.163636364,
111,0.296589872,0.402535027,-0.163636364,
112,0.269041177,0.421446136,-0.163636364,
113,0.240290878,0.438474964,-0.163636364,
114,0.210467381,0.453545457,-0.163636364,
115,0.179703886,0.466590306,-0.163636364,
116,0.14813779,0.477551249,-0.163636364,
117,0.115910075,0.486379332,-0.163636364,
118,0.083164677,0.493035127,-0.163636364,
119,0.050047846,0.497488908,-0.163636364,
120,0.016707489,0.499720782,-0.163636364,
121,-0.016707489,0.499720782,-0.163636364,
122,-0.050047846,0.497488908,-0.163636364,
123,-0.083164677,0.493035127,-0.163636364,
124,-0.115910075,0.486379332,-0.163636364,
125,-0.14813779,0.477551249,-0.163636364,
126,-0.179703886,0.466590306,-0.163636364,
127,-0.210467381,0.453545457,-0.163636364,
128,-0.240290878,0.438474964,-0.163636364,
129,-0.269041177,0.421446136,-0.163636364,
130,-0.296589872,0.402535027,-0.163636364,
131,-0.322813926,0.381826098,-0.163636364,
132,-0.347596214,0.359411842,-0.163636364,
133,-0.370826053,0.335392365,-0.163636364,
134,-0.392399693,0.309874944,-0.163636364,
135,-0.41222078,0.282973547,-0.163636364,
136,-0.43020079,0.254808321,-0.163636364,
137,-0.446259418,0.22550506,-0.163636364,
138,-0.460324943,0.195194638,-0.163636364,
139,-0.472334546,0.164012429,-0.163636364,
140,-0.482234588,0.132097701,-0.163636364,
141,-0.489980853,0.099592993,-0.163636364,
142,-0.495538744,0.066643478,-0.163636364,
143,-0.498883439,0.033396317,-0.163636364,
144,-0.5,6.12574E-17,-0.163636364,
145,0.5,0,-0.245454545,
146,0.498883439,0.033396317,-0.245454545,
147,0.495538744,0.066643478,-0.245454545,
148,0.489980853,0.099592993,-0.245454545,
149,0.482234588,0.132097701,-0.245454545,
150,0.472334546,0.164012429,-0.245454545,
151,0.460324943,0.195194638,-0.245454545,
152,0.446259418,0.22550506,-0.245454545,
153,0.43020079,0.254808321,-0.245454545,
154,0.41222078,0.282973547,-0.245454545,
155,0.392399693,0.309874944,-0.245454545,
156,0.370826053,0.335392365,-0.245454545,
157,0.347596214,0.359411842,-0.245454545,
158,0.322813926,0.381826098,-0.245454545,
159,0.296589872,0.402535027,-0.245454545,
160,0.269041177,0.421446136,-0.245454545,
161,0.240290878,0.438474964,-0.245454545,
162,0.210467381,0.453545457,-0.245454545,
163,0.179703886,0.466590306,-0.245454545,
164,0.14813779,0.477551249,-0.245454545,
165,0.115910075,0.486379332,-0.245454545,
166,0.083164677,0.493035127,-0.245454545,
167,0.050047846,0.497488908,-0.245454545,
168,0.016707489,0.499720782,-0.245454545,
169,-0.016707489,0.499720782,-0.245454545,
170,-0.050047846,0.497488908,-0.245454545,
171,-0.083164677,0.493035127,-0.245454545,
172,-0.115910075,0.486379332,-0.245454545,
173,-0.14813779,0.477551249,-0.245454545,
174,-0.179703886,0.466590306,-0.245454545,
175,-0.210467381,0.453545457,-0.245454545,
176,-0.240290878,0.438474964,-0.245454545,
177,-0.269041177,0.421446136,-0.245454545,
178,-0.296589872,0.402535027,-0.245454545,
179,-0.322813926,0.381826098,-0.245454545,
180,-0.347596214,0.359411842,-0.245454545,
181,-0.370826053,0.335392365,-0.245454545,
182,-0.392399693,0.309874944,-0.245454545,
183,-0.41222078,0.282973547,-0.245454545,
184,-0.43020079,0.254808321,-0.245454545,
185,-0.446259418,0.22550506,-0.245454545,
186,-0.460324943,0.195194638,-0.245454545,
187,-0.472334546,0.164012429,-0.245454545,
188,-0.482234588,0.132097701,-0.245454545,
189,-0.489980853,0.099592993,-0.245454545,
190,-0.495538744,0.066643478,-0.245454545,
191,-0.498883439,0.033396317,-0.245454545,
192,-0.5,6.12574E-17,-0.245454545,
193,0.5,0,-0.327272727,
194,0.498883439,0.033396317,-0.327272727,
195,0.495538744,0.066643478,-0.327272727,
196,0.489980853,0.099592993,-0.327272727,
197,0.482234588,0.132097701,-0.327272727,
198,0.472334546,0.164012429,-0.327272727,
199,0.460324943,0.195194638,-0.327272727,
200,0.446259418,0.22550506,-0.327272727,
201,0.43020079,0.254808321,-0.327272727,
202,0.41222078,0.282973547,-0.327272727,
203,0.392399693,0.309874944,-0.327272727,
204,0.370826053,0.335392365,-0.327272727,
205,0.347596214,0.359411842,-0.327272727,
206,0.322813926,0.381826098,-0.327272727,
207,0.296589872,0.402535027,-0.327272727,
208,0.269041177,0.421446136,-0.327272727,
209,0.240290878,0.438474964,-0.327272727,
210,0.210467381,0.453545457,-0.327272727,
211,0.179703886,0.466590306,-0.327272727,
212,0.14813779,0.477551249,-0.327272727,
213,0.115910075,0.486379332,-0.327272727,
214,0.083164677,0.493035127,-0.327272727,
215,0.050047846,0.497488908,-0.327272727,
216,0.016707489,0.499720782,-0.327272727,
217,-0.016707489,0.499720782,-0.327272727,
218,-0.050047846,0.497488908,-0.327272727,
219,-0.083164677,0.493035127,-0.327272727,
220,-0.115910075,0.486379332,-0.327272727,
221,-0.14813779,0.477551249,-0.327272727,
222,-0.179703886,0.466590306,-0.327272727,
223,-0.210467381,0.453545457,-0.327272727,
224,-0.240290878,0.438474964,-0.327272727,
225,-0.269041177,0.421446136,-0.327272727,
226,-0.296589872,0.402535027,-0.327272727,
227,-0.322813926,0.381826098,-0.327272727,
228,-0.347596214,0.359411842,-0.327272727,
229,-0.370826053,0.335392365,-0.327272727,
230,-0.392399693,0.309874944,-0.327272727,
231,-0.41222078,0.282973547,-0.327272727,
232,-0.43020079,0.254808321,-0.327272727,
233,-0.446259418,0.22550506,-0.327272727,
234,-0.460324943,0.195194638,-0.327272727,
235,-0.472334546,0.164012429,-0.327272727,
236,-0.482234588,0.132097701,-0.327272727,
237,-0.489980853,0.099592993,-0.327272727,
238,-0.495538744,0.066643478,-0.327272727,
239,-0.498883439,0.033396317,-0.327272727,
240,-0.5,6.12574E-17,-0.327272727,
241,0.5,0,-0.409090909,
242,0.498883439,0.033396317,-0.409090909,
243,0.495538744,0.066643478,-0.409090909,
244,0.489980853,0.099592993,-0.409090909,
245,0.482234588,0.132097701,-0.409090909,
246,0.472334546,0.164012429,-0.409090909,
247,0.460324943,0.195194638,-0.409090909,
248,0.446259418,0.22550506,-0.409090909,
249,0.43020079,0.254808321,-0.409090909,
250,0.41222078,0.282973547,-0.409090909,
251,0.392399693,0.309874944,-0.409090909,
252,0.370826053,0.335392365,-0.409090909,
253,0.347596214,0.359411842,-0.409090909,
254,0.322813926,0.381826098,-0.409090909,
255,0.296589872,0.402535027,-0.409090909,
256,0.269041177,0.421446136,-0.409090909,
257,0.240290878,0.438474964,-0.409090909,
258,0.210467381,0.453545457,-0.409090909,
259,0.179703886,0.466590306,-0.409090909,
260,0.14813779,0.477551249,-0.409090909,
261,0.115910075,0.486379332,-0.409090909,
262,0.083164677,0.493035127,-0.409090909,
263,0.050047846,0.497488908,-0.409090909,
264,0.016707489,0.499720782,-0.409090909,
265,-0.016707489,0.499720782,-0.409090909,
266,-0.050047846,0.497488908,-0.409090909,
267,-0.083164677,0.493035127,-0.409090909,
268,-0.115910075,0.486379332,-0.409090909,
269,-0.14813779,0.477551249,-0.409090909,
270,-0.179703886,0.466590306,-0.409090909,
271,-0.210467381,0.453545457,-0.409090909,
272,-0.240290878,0.438474964,-0.409090909,
273,-0.269041177,0.421446136,-0.409090909,
274,-0.296589872,0.402535027,-0.409090909,
275,-0.322813926,0.381826098,-0.409090909,
276,-0.347596214,0.359411842,-0.409090909,
277,-0.370826053,0.335392365,-0.409090909,
278,-0.392399693,0.309874944,-0.409090909,
279,-0.41222078,0.282973547,-0.409090909,
280,-0.43020079,0.254808321,-0.409090909,
281,-0.446259418,0.22550506,-0.409090909,
282,-0.460324943,0.195194638,-0.409090909,
283,-0.472334546,0.164012429,-0.409090909,
284,-0.482234588,0.132097701,-0.409090909,
285,-0.489980853,0.099592993,-0.409090909,
286,-0.495538744,0.066643478,-0.409090909,
287,-0.498883439,0.033396317,-0.409090909,
288,-0.5,6.12574E-17,-0.409090909,
289,0.5,0,-0.490909091,
290,0.498883439,0.033396317,-0.490909091,
291,0.495538744,0.066643478,-0.490909091,
292,0.489980853,0.099592993,-0.490909091,
293,0.482234588,0.132097701,-0.490909091,
294,0.472334546,0.164012429,-0.490909091,
295,0.460324943,0.195194638,-0.490909091,
296,0.446259418,0.22550506,-0.490909091,
297,0.43020079,0.254808321,-0.490909091,
298,0.41222078,0.282973547,-0.490909091,
299,0.392399693,0.309874944,-0.490909091,
300,0.370826053,0.335392365,-0.490909091,
301,0.347596214,0.359411842,-0.490909091,
302,0.322813926,0.381826098,-0.490909091,
303,0.296589872,0.402535027,-0.490909091,
304,0.269041177,0.421446136,-0.490909091,
305,0.240290878,0.438474964,-0.490909091,
306,0.210467381,0.453545457,-0.490909091,
307,0.179703886,0.466590306,-0.490909091,
308,0.14813779,0.477551249,-0.490909091,
309,0.115910075,0.486379332,-0.490909091,
310,0.083164677,0.493035127,-0.490909091,
311,0.050047846,0.497488908,-0.490909091,
312,0.016707489,0.499720782,-0.490909091,
313,-0.016707489,0.499720782,-0.490909091,
314,-0.050047846,0.497488908,-0.490909091,
315,-0.083164677,0.493035127,-0.490909091,
316,-0.115910075,0.486379332,-0.490909091,
317,-0.14813779,0.477551249,-0.490909091,
318,-0.179703886,0.466590306,-0.490909091,
319,-0.210467381,0.453545457,-0.490909091,
320,-0.240290878,0.438474964,-0.490909091,
321,-0.269041177,0.421446136,-0.490909091,
322,-0.296589872,0.402535027,-0.490909091,
323,-0.322813926,0.381826098,-0.490909091,
324,-0.347596214,0.359411842,-0.490909091,
325,-0.370826053,0.335392365,-0.490909091,
326,-0.392399693,0.309874944,-0.490909091,
327,-0.41222078,0.282973547,-0.490909091,
328,-0.43020079,0.254808321,-0.490909091,
329,-0.446259418,0.22550506,-0.490909091,
330,-0.460324943,0.195194638,-0.490909091,
331,-0.472334546,0.164012429,-0.490909091,
332,-0.482234588,0.132097701,-0.490909091,
333,-0.489980853,0.099592993,-0.490909091,
334,-0.495538744,0.066643478,-0.490909091,
335,-0.498883439,0.033396317,-0.490909091,
336,-0.5,6.12574E-17,-0.490909091,
337,0.5,0,-0.572727273,
338,0.498883439,0.033396317,-0.572727273,
339,0.495538744,0.066643478,-0.572727273,
340,0.489980853,0.099592993,-0.572727273,
341,0.482234588,0.132097701,-0.572727273,
342,0.472334546,0.164012429,-0.572727273,
343,0.460324943,0.195194638,-0.572727273,
344,0.446259418,0.22550506,-0.572727273,
345,0.43020079,0.254808321,-0.572727273,
346,0.41222078,0.282973547,-0.572727273,
347,0.392399693,0.309874944,-0.572727273,
348,0.370826053,0.335392365,-0.572727273,
349,0.347596214,0.359411842,-0.572727273,
350,0.322813926,0.381826098,-0.572727273,
351,0.296589872,0.402535027,-0.572727273,
352,0.269041177,0.421446136,-0.572727273,
353,0.240290878,0.438474964,-0.572727273,
354,0.210467381,0.453545457,-0.572727273,
355,0.179703886,0.466590306,-0.572727273,
356,0.14813779,0.477551249,-0.572727273,
357,0.115910075,0.486379332,-0.572727273,
358,0.083164677,0.493035127,-0.572727273,
359,0.050047846,0.497488908,-0.572727273,
360,0.016707489,0.499720782,-0.572727273,
361,-0.016707489,0.499720782,-0.572727273,
362,-0.050047846,0.497488908,-0.572727273,
363,-0.083164677,0.493035127,-0.572727273,
364,-0.115910075,0.486379332,-0.572727273,
365,-0.14813779,0.477551249,-0.572727273,
366,-0.179703886,0.466590306,-0.572727273,
367,-0.210467381,0.453545457,-0.572727273,
368,-0.240290878,0.438474964,-0.572727273,
369,-0.269041177,0.421446136,-0.572727273,
370,-0.296589872,0.402535027,-0.572727273,
371,-0.322813926,0.381826098,-0.572727273,
372,-0.347596214,0.359411842,-0.572727273,
373,-0.370826053,0.335392365,-0.572727273,
374,-0.392399693,0.309874944,-0.572727273,
375,-0.41222078,0.282973547,-0.572727273,
376,-0.43020079,0.254808321,-0.572727273,
377,-0.446259418,0.22550506,-0.572727273,
378,-0.460324943,0.195194638,-0.572727273,
379,-0.472334546,0.164012429,-0.572727273,
380,-0.482234588,0.132097701,-0.572727273,
381,-0.489980853,0.099592993,-0.572727273,
382,-0.495538744,0.066643478,-0.572727273,
383,-0.498883439,0.033396317,-0.572727273,
384,-0.5,6.12574E-17,-0.572727273,
385,0.5,0,-0.654545455,
386,0.498883439,0.033396317,-0.654545455,
387,0.495538744,0.066643478,-0.654545455,
388,0.489980853,0.099592993,-0.654545455,
389,0.482234588,0.132097701,-0.654545455,
390,0.472334546,0.164012429,-0.654545455,
391,0.460324943,0.195194638,-0.654545455,
392,0.446259418,0.22550506,-0.654545455,
393,0.43020079,0.254808321,-0.654545455,
394,0.41222078,0.282973547,-0.654545455,
395,0.392399693,0.309874944,-0.654545455,
396,0.370826053,0.335392365,-0.654545455,
397,0.347596214,0.359411842,-0.654545455,
398,0.322813926,0.381826098,-0.654545455,
399,0.296589872,0.402535027,-0.654545455,
400,0.269041177,0.421446136,-0.654545455,
401,0.240290878,0.438474964,-0.654545455,
402,0.210467381,0.453545457,-0.654545455,
403,0.179703886,0.466590306,-0.654545455,
404,0.14813779,0.477551249,-0.654545455,
405,0.115910075,0.486379332,-0.654545455,
406,0.083164677,0.493035127,-0.654545455,
407,0.050047846,0.497488908,-0.654545455,
408,0.016707489,0.499720782,-0.654545455,
409,-0.016707489,0.499720782,-0.654545455,
410,-0.050047846,0.497488908,-0.654545455,
411,-0.083164677,0.493035127,-0.654545455,
412,-0.115910075,0.486379332,-0.654545455,
413,-0.14813779,0.477551249,-0.654545455,
414,-0.179703886,0.466590306,-0.654545455,
415,-0.210467381,0.453545457,-0.654545455,
416,-0.240290878,0.438474964,-0.654545455,
417,-0.269041177,0.421446136,-0.654545455,
418,-0.296589872,0.402535027,-0.654545455,
419,-0.322813926,0.381826098,-0.654545455,
420,-0.347596214,0.359411842,-0.654545455,
421,-0.370826053,0.335392365,-0.654545455,
422,-0.392399693,0.309874944,-0.654545455,
423,-0.41222078,0.282973547,-0.654545455,
424,-0.43020079,0.254808321,-0.654545455,
425,-0.446259418,0.22550506,-0.654545455,
426,-0.460324943,0.195194638,-0.654545455,
427,-0.472334546,0.164012429,-0.654545455,
428,-0.482234588,0.132097701,-0.654545455,
429,-0.489980853,0.099592993,-0.654545455,
430,-0.495538744,0.066643478,-0.654545455,
431,-0.498883439,0.033396317,-0.654545455,
432,-0.5,6.12574E-17,-0.654545455,
433,0.5,0,-0.736363636,
434,0.498883439,0.033396317,-0.736363636,
435,0.495538744,0.066643478,-0.736363636,
436,0.489980853,0.099592993,-0.736363636,
437,0.482234588,0.132097701,-0.736363636,
438,0.472334546,0.164012429,-0.736363636,
439,0.460324943,0.195194638,-0.736363636,
440,0.446259418,0.22550506,-0.736363636,
441,0.43020079,0.254808321,-0.736363636,
442,0.41222078,0.282973547,-0.736363636,
443,0.392399693,0.309874944,-0.736363636,
444,0.370826053,0.335392365,-0.736363636,
445,0.347596214,0.359411842,-0.736363636,
446,0.322813926,0.381826098,-0.736363636,
447,0.296589872,0.402535027,-0.736363636,
448,0.269041177,0.421446136,-0.736363636,
449,0.240290878,0.438474964,-0.736363636,
450,0.210467381,0.453545457,-0.736363636,
451,0.179703886,0.466590306,-0.736363636,
452,0.14813779,0.477551249,-0.736363636,
453,0.115910075,0.486379332,-0.736363636,
454,0.083164677,0.493035127,-0.736363636,
455,0.050047846,0.497488908,-0.736363636,
456,0.016707489,0.499720782,-0.736363636,
457,-0.016707489,0.499720782,-0.736363636,
458,-0.050047846,0.497488908,-0.736363636,
459,-0.083164677,0.493035127,-0.736363636,
460,-0.115910075,0.486379332,-0.736363636,
461,-0.14813779,0.477551249,-0.736363636,
462,-0.179703886,0.466590306,-0.736363636,
463,-0.210467381,0.453545457,-0.736363636,
464,-0.240290878,0.438474964,-0.736363636,
465,-0.269041177,0.421446136,-0.736363636,
466,-0.296589872,0.402535027,-0.736363636,
467,-0.322813926,0.381826098,-0.736363636,
468,-0.347596214,0.359411842,-0.736363636,
469,-0.370826053,0.335392365,-0.736363636,
470,-0.392399693,0.309874944,-0.736363636,
471,-0.41222078,0.282973547,-0.736363636,
472,-0.43020079,0.254808321,-0.736363636,
473,-0.446259418,0.22550506,-0.736363636,
474,-0.460324943,0.195194638,-0.736363636,
475,-0.472334546,0.164012429,-0.736363636,
476,-0.482234588,0.132097701,-0.736363636,
477,-0.489980853,0.099592993,-0.736363636,
478,-0.495538744,0.066643478,-0.736363636,
479,-0.498883439,0.033396317,-0.736363636,
480,-0.5,6.12574E-17,-0.736363636,
481,0.5,0,-0.818181818,
482,0.498883439,0.033396317,-0.818181818,
483,0.495538744,0.066643478,-0.818181818,
484,0.489980853,0.099592993,-0.818181818,
485,0.482234588,0.132097701,-0.818181818,
486,0.472334546,0.164012429,-0.818181818,
487,0.460324943,0.195194638,-0.818181818,
488,0.446259418,0.22550506,-0.818181818,
489,0.43020079,0.254808321,-0.818181818,
490,0.41222078,0.282973547,-0.818181818,
491,0.392399693,0.309874944,-0.818181818,
492,0.370826053,0.335392365,-0.818181818,
493,0.347596214,0.359411842,-0.818181818,
494,0.322813926,0.381826098,-0.818181818,
495,0.296589872,0.402535027,-0.818181818,
496,0.269041177,0.421446136,-0.818181818,
497,0.240290878,0.438474964,-0.818181818,
498,0.210467381,0.453545457,-0.818181818,
499,0.179703886,0.466590306,-0.818181818,
500,0.14813779,0.477551249,-0.818181818,
501,0.115910075,0.486379332,-0.818181818,
502,0.083164677,0.493035127,-0.818181818,
503,0.050047846,0.497488908,-0.818181818,
504,0.016707489,0.499720782,-0.818181818,
505,-0.016707489,0.499720782,-0.818181818,
506,-0.050047846,0.497488908,-0.818181818,
507,-0.083164677,0.493035127,-0.818181818,
508,-0.115910075,0.486379332,-0.818181818,
509,-0.14813779,0.477551249,-0.818181818,
510,-0.179703886,0.466590306,-0.818181818,
511,-0.210467381,0.453545457,-0.818181818,
512,-0.240290878,0.438474964,-0.818181818,
513,-0.269041177,0.421446136,-0.818181818,
514,-0.296589872,0.402535027,-0.818181818,
515,-0.322813926,0.381826098,-0.818181818,
516,-0.347596214,0.359411842,-0.818181818,
517,-0.370826053,0.335392365,-0.818181818,
518,-0.392399693,0.309874944,-0.818181818,
519,-0.41222078,0.282973547,-0.818181818,
520,-0.43020079,0.254808321,-0.818181818,
521,-0.446259418,0.22550506,-0.818181818,
522,-0.460324943,0.195194638,-0.818181818,
523,-0.472334546,0.164012429,-0.818181818,
524,-0.482234588,0.132097701,-0.818181818,
525,-0.489980853,0.099592993,-0.818181818,
526,-0.495538744,0.066643478,-0.818181818,
527,-0.498883439,0.033396317,-0.818181818,
528,-0.5,6.12574E-17,-0.818181818,
529,0.5,0,-0.9,
530,0.498883439,0.033396317,-0.9,
531,0.495538744,0.066643478,-0.9,
532,0.489980853,0.099592993,-0.9,
533,0.482234588,0.132097701,-0.9,
534,0.472334546,0.164012429,-0.9,
535,0.460324943,0.195194638,-0.9,
536,0.446259418,0.22550506,-0.9,
537,0.43020079,0.254808321,-0.9,
538,0.41222078,0.282973547,-0.9,
539,0.392399693,0.309874944,-0.9,
540,0.370826053,0.335392365,-0.9,
541,0.347596214,0.359411842,-0.9,
542,0.322813926,0.381826098,-0.9,
543,0.296589872,0.402535027,-0.9,
544,0.269041177,0.421446136,-0.9,
545,0.240290878,0.438474964,-0.9,
546,0.210467381,0.453545457,-0.9,
547,0.179703886,0.466590306,-0.9,
548,0.14813779,0.477551249,-0.9,
549,0.115910075,0.486379332,-0.9,
550,0.083164677,0.493035127,-0.9,
551,0.050047846,0.497488908,-0.9,
552,0.016707489,0.499720782,-0.9,
553,-0.016707489,0.499720782,-0.9,
554,-0.050047846,0.497488908,-0.9,
555,-0.083164677,0.493035127,-0.9,
556,-0.115910075,0.486379332,-0.9,
557,-0.14813779,0.477551249,-0.9,
558,-0.179703886,0.466590306,-0.9,
559,-0.210467381,0.453545457,-0.9,
560,-0.240290878,0.438474964,-0.9,
561,-0.269041177,0.421446136,-0.9,
562,-0.296589872,0.402535027,-0.9,
563,-0.322813926,0.381826098,-0.9,
564,-0.347596214,0.359411842,-0.9,
565,-0.370826053,0.335392365,-0.9,
566,-0.392399693,0.309874944,-0.9,
567,-0.41222078,0.282973547,-0.9,
568,-0.43020079,0.254808321,-0.9,
569,-0.446259418,0.22550506,-0.9,
570,-0.460324943,0.195194638,-0.9,
571,-0.472334546,0.164012429,-0.9,
572,-0.482234588,0.132097701,-0.9,
573,-0.489980853,0.099592993,-0.9,
574,-0.495538744,0.066643478,-0.9,
575,-0.498883439,0.033396317,-0.9,
576,-0.5,6.12574E-17,-0.9,
577,0.454545455,0,-0.9,
578,0.453530399,0.030360288,-0.9,
579,0.450489767,0.06058498,-0.9,
580,0.445437139,0.090539084,-0.9,
581,0.43839508,0.120088819,-0.9,
582,0.429395042,0.149102208,-0.9,
583,0.418477221,0.177449671,-0.9,
584,0.40569038,0.2050046,-0.9,
585,0.391091627,0.231643928,-0.9,
586,0.374746164,0.257248679,-0.9,
587,0.356726993,0.281704495,-0.9,
588,0.337114593,0.30490215,-0.9,
589,0.315996558,0.326738038,-0.9,
590,0.293467205,0.347114635,-0.9,
591,0.269627157,0.365940933,-0.9,
592,0.244582888,0.383132851,-0.9,
593,0.218446252,0.398613604,-0.9,
594,0.191333983,0.412314052,-0.9,
595,0.163367169,0.424173005,-0.9,
596,0.134670719,0.434137499,-0.9,
597,0.105372796,0.442163029,-0.9,
598,0.075604252,0.448213752,-0.9,
599,0.045498042,0.452262643,-0.9,
600,0.015188626,0.45429162,-0.9,
601,-0.015188626,0.45429162,-0.9,
602,-0.045498042,0.452262643,-0.9,
603,-0.075604252,0.448213752,-0.9,
604,-0.105372796,0.442163029,-0.9,
605,-0.134670719,0.434137499,-0.9,
606,-0.163367169,0.424173005,-0.9,
607,-0.191333983,0.412314052,-0.9,
608,-0.218446252,0.398613604,-0.9,
609,-0.244582888,0.383132851,-0.9,
610,-0.269627157,0.365940933,-0.9,
611,-0.293467205,0.347114635,-0.9,
612,-0.315996558,0.326738038,-0.9,
613,-0.337114593,0.30490215,-0.9,
614,-0.356726993,0.281704495,-0.9,
615,-0.374746164,0.257248679,-0.9,
616,-0.391091627,0.231643928,-0.9,
617,-0.40569038,0.2050046,-0.9,
618,-0.418477221,0.177449671,-0.9,
619,-0.429395042,0.149102208,-0.9,
620,-0.43839508,0.120088819,-0.9,
621,-0.445437139,0.090539084,-0.9,
622,-0.450489767,0.06058498,-0.9,
623,-0.453530399,0.030360288,-0.9,
624,-0.454545455,5.56886E-17,-0.9,
625,0.409090909,0,-0.9,
626,0.408177359,0.027324259,-0.9,
627,0.405440791,0.054526482,-0.9,
628,0.400893425,0.081485176,-0.9,
629,0.394555572,0.108079937,-0.9,
630,0.386455537,0.134191987,-0.9,
631,0.376629499,0.159704703,-0.9,
632,0.365121342,0.18450414,-0.9,
633,0.351982464,0.208479536,-0.9,
634,0.337271547,0.231523811,-0.9,
635,0.321054294,0.253534045,-0.9,
636,0.303403134,0.274411935,-0.9,
637,0.284396902,0.294064234,-0.9,
638,0.264120485,0.312403171,-0.9,
639,0.242664441,0.32934684,-0.9,
640,0.220124599,0.344819566,-0.9,
641,0.196601627,0.358752243,-0.9,
642,0.172200585,0.371082647,-0.9,
643,0.147030453,0.381755705,-0.9,
644,0.121203647,0.390723749,-0.9,
645,0.094835516,0.397946726,-0.9,
646,0.068043827,0.403392377,-0.9,
647,0.040948237,0.407036379,-0.9,
648,0.013669763,0.408862458,-0.9,
649,-0.013669763,0.408862458,-0.9,
650,-0.040948237,0.407036379,-0.9,
651,-0.068043827,0.403392377,-0.9,
652,-0.094835516,0.397946726,-0.9,
653,-0.121203647,0.390723749,-0.9,
654,-0.147030453,0.381755705,-0.9,
655,-0.172200585,0.371082647,-0.9,
656,-0.196601627,0.358752243,-0.9,
657,-0.220124599,0.344819566,-0.9,
658,-0.242664441,0.32934684,-0.9,
659,-0.264120485,0.312403171,-0.9,
660,-0.284396902,0.294064234,-0.9,
661,-0.303403134,0.274411935,-0.9,
662,-0.321054294,0.253534045,-0.9,
663,-0.337271547,0.231523811,-0.9,
664,-0.351982464,0.208479536,-0.9,
665,-0.365121342,0.18450414,-0.9,
666,-0.376629499,0.159704703,-0.9,
667,-0.386455537,0.134191987,-0.9,
668,-0.394555572,0.108079937,-0.9,
669,-0.400893425,0.081485176,-0.9,
670,-0.405440791,0.054526482,-0.9,
671,-0.408177359,0.027324259,-0.9,
672,-0.409090909,5.01197E-17,-0.9,
673,0.363636364,0,-0.9,
674,0.362824319,0.02428823,-0.9,
675,0.360391814,0.048467984,-0.9,
676,0.356349711,0.072431267,-0.9,
677,0.350716064,0.096071055,-0.9,
678,0.343516033,0.119281766,-0.9,
679,0.334781777,0.141959736,-0.9,
680,0.324552304,0.16400368,-0.9,
681,0.312873302,0.185315143,-0.9,
682,0.299796931,0.205798943,-0.9,
683,0.285381595,0.225363596,-0.9,
684,0.269691675,0.24392172,-0.9,
685,0.252797246,0.261390431,-0.9,
686,0.234773764,0.277691708,-0.9,
687,0.215701725,0.292752747,-0.9,
688,0.19566631,0.306506281,-0.9,
689,0.174757002,0.318890883,-0.9,
690,0.153067186,0.329851241,-0.9,
691,0.130693736,0.339338404,-0.9,
692,0.107736575,0.347309999,-0.9,
693,0.084298236,0.353730423,-0.9,
694,0.060483402,0.358571001,-0.9,
695,0.036398433,0.361810115,-0.9,
696,0.012150901,0.363433296,-0.9,
697,-0.012150901,0.363433296,-0.9,
698,-0.036398433,0.361810115,-0.9,
699,-0.060483402,0.358571001,-0.9,
700,-0.084298236,0.353730423,-0.9,
701,-0.107736575,0.347309999,-0.9,
702,-0.130693736,0.339338404,-0.9,
703,-0.153067186,0.329851241,-0.9,
704,-0.174757002,0.318890883,-0.9,
705,-0.19566631,0.306506281,-0.9,
706,-0.215701725,0.292752747,-0.9,
707,-0.234773764,0.277691708,-0.9,
708,-0.252797246,0.261390431,-0.9,
709,-0.269691675,0.24392172,-0.9,
710,-0.285381595,0.225363596,-0.9,
711,-0.299796931,0.205798943,-0.9,
712,-0.312873302,0.185315143,-0.9,
713,-0.324552304,0.16400368,-0.9,
714,-0.334781777,0.141959736,-0.9,
715,-0.343516033,0.119281766,-0.9,
716,-0.350716064,0.096071055,-0.9,
717,-0.356349711,0.072431267,-0.9,
718,-0.360391814,0.048467984,-0.9,
719,-0.362824319,0.02428823,-0.9,
720,-0.363636364,4.45509E-17,-0.9,
721,0.318181818,0,-0.9,
722,0.31747128,0.021252202,-0.9,
723,0.315342837,0.042409486,-0.9,
724,0.311805997,0.063377359,-0.9,
725,0.306876556,0.084062173,-0.9,
726,0.300576529,0.104371546,-0.9,
727,0.292934055,0.124214769,-0.9,
728,0.283983266,0.14350322,-0.9,
729,0.273764139,0.16215075,-0.9,
730,0.262322315,0.180074075,-0.9,
731,0.249708895,0.197193146,-0.9,
732,0.235980215,0.213431505,-0.9,
733,0.221197591,0.228716627,-0.9,
734,0.205427044,0.242980244,-0.9,
735,0.18873901,0.256158653,-0.9,
736,0.171208021,0.268192995,-0.9,
737,0.152912377,0.279029523,-0.9,
738,0.133933788,0.288619836,-0.9,
739,0.114357019,0.296921104,-0.9,
740,0.094269503,0.303896249,-0.9,
741,0.073760957,0.30951412,-0.9,
742,0.052922976,0.313749626,-0.9,
743,0.031848629,0.31658385,-0.9,
744,0.010632038,0.318004134,-0.9,
745,-0.010632038,0.318004134,-0.9,
746,-0.031848629,0.31658385,-0.9,
747,-0.052922976,0.313749626,-0.9,
748,-0.073760957,0.30951412,-0.9,
749,-0.094269503,0.303896249,-0.9,
750,-0.114357019,0.296921104,-0.9,
751,-0.133933788,0.288619836,-0.9,
752,-0.152912377,0.279029523,-0.9,
753,-0.171208021,0.268192995,-0.9,
754,-0.18873901,0.256158653,-0.9,
755,-0.205427044,0.242980244,-0.9,
756,-0.221197591,0.228716627,-0.9,
757,-0.235980215,0.213431505,-0.9,
758,-0.249708895,0.197193146,-0.9,
759,-0.262322315,0.180074075,-0.9,
760,-0.273764139,0.16215075,-0.9,
761,-0.283983266,0.14350322,-0.9,
762,-0.292934055,0.124214769,-0.9,
763,-0.300576529,0.104371546,-0.9,
764,-0.306876556,0.084062173,-0.9,
765,-0.311805997,0.063377359,-0.9,
766,-0.315342837,0.042409486,-0.9,
767,-0.31747128,0.021252202,-0.9,
768,-0.318181818,3.8982E-17,-0.9,
769,0.272727273,0,-0.9,
770,0.27211824,0.018216173,-0.9,
771,0.27029386,0.036350988,-0.9,
772,0.267262283,0.05432345,-0.9,
773,0.263037048,0.072053291,-0.9,
774,0.257637025,0.089461325,-0.9,
775,0.251086333,0.106469802,-0.9,
776,0.243414228,0.12300276,-0.9,
777,0.234654976,0.138986357,-0.9,
778,0.224847698,0.154349208,-0.9,
779,0.214036196,0.169022697,-0.9,
780,0.202268756,0.18294129,-0.9,
781,0.189597935,0.196042823,-0.9,
782,0.176080323,0.208268781,-0.9,
783,0.161776294,0.21956456,-0.9,
784,0.146749733,0.22987971,-0.9,
785,0.131067751,0.239168162,-0.9,
786,0.11480039,0.247388431,-0.9,
787,0.098020302,0.254503803,-0.9,
788,0.080802431,0.260482499,-0.9,
789,0.063223677,0.265297817,-0.9,
790,0.045362551,0.268928251,-0.9,
791,0.027298825,0.271357586,-0.9,
792,0.009113176,0.272574972,-0.9,
793,-0.009113176,0.272574972,-0.9,
794,-0.027298825,0.271357586,-0.9,
795,-0.045362551,0.268928251,-0.9,
796,-0.063223677,0.265297817,-0.9,
797,-0.080802431,0.260482499,-0.9,
798,-0.098020302,0.254503803,-0.9,
799,-0.11480039,0.247388431,-0.9,
800,-0.131067751,0.239168162,-0.9,
801,-0.146749733,0.22987971,-0.9,
802,-0.161776294,0.21956456,-0.9,
803,-0.176080323,0.208268781,-0.9,
804,-0.189597935,0.196042823,-0.9,
805,-0.202268756,0.18294129,-0.9,
806,-0.214036196,0.169022697,-0.9,
807,-0.224847698,0.154349208,-0.9,
808,-0.234654976,0.138986357,-0.9,
809,-0.243414228,0.12300276,-0.9,
810,-0.251086333,0.106469802,-0.9,
811,-0.257637025,0.089461325,-0.9,
812,-0.263037048,0.072053291,-0.9,
813,-0.267262283,0.05432345,-0.9,
814,-0.27029386,0.036350988,-0.9,
815,-0.27211824,0.018216173,-0.9,
816,-0.272727273,3.34131E-17,-0.9,
817,0.227272727,0,-0.9,
818,0.2267652,0.015180144,-0.9,
819,0.225244884,0.03029249,-0.9,
820,0.222718569,0.045269542,-0.9,
821,0.21919754,0.06004441,-0.9,
822,0.214697521,0.074551104,-0.9,
823,0.209238611,0.088724835,-0.9,
824,0.20284519,0.1025023,-0.9,
825,0.195545813,0.115821964,-0.9,
826,0.187373082,0.12862434,-0.9,
827,0.178363497,0.140852247,-0.9,
828,0.168557297,0.152451075,-0.9,
829,0.157998279,0.163369019,-0.9,
830,0.146733603,0.173557317,-0.9,
831,0.134813578,0.182970467,-0.9,
832,0.122291444,0.191566425,-0.9,
833,0.109223126,0.199306802,-0.9,
834,0.095666991,0.206157026,-0.9,
835,0.081683585,0.212086503,-0.9,
836,0.067335359,0.217068749,-0.9,
837,0.052686398,0.221081514,-0.9,
838,0.037802126,0.224106876,-0.9,
839,0.022749021,0.226131322,-0.9,
840,0.007594313,0.22714581,-0.9,
841,-0.007594313,0.22714581,-0.9,
842,-0.022749021,0.226131322,-0.9,
843,-0.037802126,0.224106876,-0.9,
844,-0.052686398,0.221081514,-0.9,
845,-0.067335359,0.217068749,-0.9,
846,-0.081683585,0.212086503,-0.9,
847,-0.095666991,0.206157026,-0.9,
848,-0.109223126,0.199306802,-0.9,
849,-0.122291444,0.191566425,-0.9,
850,-0.134813578,0.182970467,-0.9,
851,-0.146733603,0.173557317,-0.9,
852,-0.157998279,0.163369019,-0.9,
853,-0.168557297,0.152451075,-0.9,
854,-0.178363497,0.140852247,-0.9,
855,-0.187373082,0.12862434,-0.9,
856,-0.195545813,0.115821964,-0.9,
857,-0.20284519,0.1025023,-0.9,
858,-0.209238611,0.088724835,-0.9,
859,-0.214697521,0.074551104,-0.9,
860,-0.21919754,0.06004441,-0.9,
861,-0.222718569,0.045269542,-0.9,
862,-0.225244884,0.03029249,-0.9,
863,-0.2267652,0.015180144,-0.9,
864,-0.227272727,2.78443E-17,-0.9,
865,0.181818182,0,-0.9,
866,0.18141216,0.012144115,-0.9,
867,0.180195907,0.024233992,-0.9,
868,0.178174855,0.036215634,-0.9,
869,0.175358032,0.048035528,-0.9,
870,0.171758017,0.059640883,-0.9,
871,0.167390888,0.070979868,-0.9,
872,0.162276152,0.08200184,-0.9,
873,0.156436651,0.092657571,-0.9,
874,0.149898466,0.102899472,-0.9,
875,0.142690797,0.112681798,-0.9,
876,0.134845837,0.12196086,-0.9,
877,0.126398623,0.130695215,-0.9,
878,0.117386882,0.138845854,-0.9,
879,0.107850863,0.146376373,-0.9,
880,0.097833155,0.15325314,-0.9,
881,0.087378501,0.159445441,-0.9,
882,0.076533593,0.164925621,-0.9,
883,0.065346868,0.169669202,-0.9,
884,0.053868287,0.173654999,-0.9,
885,0.042149118,0.176865212,-0.9,
886,0.030241701,0.179285501,-0.9,
887,0.018199217,0.180905057,-0.9,
888,0.00607545,0.181716648,-0.9,
889,-0.00607545,0.181716648,-0.9,
890,-0.018199217,0.180905057,-0.9,
891,-0.030241701,0.179285501,-0.9,
892,-0.042149118,0.176865212,-0.9,
893,-0.053868287,0.173654999,-0.9,
894,-0.065346868,0.169669202,-0.9,
895,-0.076533593,0.164925621,-0.9,
896,-0.087378501,0.159445441,-0.9,
897,-0.097833155,0.15325314,-0.9,
898,-0.107850863,0.146376373,-0.9,
899,-0.117386882,0.138845854,-0.9,
900,-0.126398623,0.130695215,-0.9,
901,-0.134845837,0.12196086,-0.9,
902,-0.142690797,0.112681798,-0.9,
903,-0.149898466,0.102899472,-0.9,
904,-0.156436651,0.092657571,-0.9,
905,-0.162276152,0.08200184,-0.9,
906,-0.167390888,0.070979868,-0.9,
907,-0.171758017,0.059640883,-0.9,
908,-0.175358032,0.048035528,-0.9,
909,-0.178174855,0.036215634,-0.9,
910,-0.180195907,0.024233992,-0.9,
911,-0.18141216,0.012144115,-0.9,
912,-0.181818182,2.22754E-17,-0.9,
913,0.136363636,0,-0.9,
914,0.13605912,0.009108086,-0.9,
915,0.13514693,0.018175494,-0.9,
916,0.133631142,0.027161725,-0.9,
917,0.131518524,0.036026646,-0.9,
918,0.128818512,0.044730662,-0.9,
919,0.125543166,0.053234901,-0.9,
920,0.121707114,0.06150138,-0.9,
921,0.117327488,0.069493179,-0.9,
922,0.112423849,0.077174604,-0.9,
923,0.107018098,0.084511348,-0.9,
924,0.101134378,0.091470645,-0.9,
925,0.094798967,0.098021411,-0.9,
926,0.088040162,0.10413439,-0.9,
927,0.080888147,0.10978228,-0.9,
928,0.073374866,0.114939855,-0.9,
929,0.065533876,0.119584081,-0.9,
930,0.057400195,0.123694216,-0.9,
931,0.049010151,0.127251902,-0.9,
932,0.040401216,0.13024125,-0.9,
933,0.031611839,0.132648909,-0.9,
934,0.022681276,0.134464126,-0.9,
935,0.013649412,0.135678793,-0.9,
936,0.004556588,0.136287486,-0.9,
937,-0.004556588,0.136287486,-0.9,
938,-0.013649412,0.135678793,-0.9,
939,-0.022681276,0.134464126,-0.9,
940,-0.031611839,0.132648909,-0.9,
941,-0.040401216,0.13024125,-0.9,
942,-0.049010151,0.127251902,-0.9,
943,-0.057400195,0.123694216,-0.9,
944,-0.065533876,0.119584081,-0.9,
945,-0.073374866,0.114939855,-0.9,
946,-0.080888147,0.10978228,-0.9,
947,-0.088040162,0.10413439,-0.9,
948,-0.094798967,0.098021411,-0.9,
949,-0.101134378,0.091470645,-0.9,
950,-0.107018098,0.084511348,-0.9,
951,-0.112423849,0.077174604,-0.9,
952,-0.117327488,0.069493179,-0.9,
953,-0.121707114,0.06150138,-0.9,
954,-0.125543166,0.053234901,-0.9,
955,-0.128818512,0.044730662,-0.9,
956,-0.131518524,0.036026646,-0.9,
957,-0.133631142,0.027161725,-0.9,
958,-0.13514693,0.018175494,-0.9,
959,-0.13605912,0.009108086,-0.9,
960,-0.136363636,1.67066E-17,-0.9,
961,0.090909091,0,-0.9,
962,0.09070608,0.006072058,-0.9,
963,0.090097953,0.012116996,-0.9,
964,0.089087428,0.018107817,-0.9,
965,0.087679016,0.024017764,-0.9,
966,0.085879008,0.029820442,-0.9,
967,0.083695444,0.035489934,-0.9,
968,0.081138076,0.04100092,-0.9,
969,0.078218325,0.046328786,-0.9,
970,0.074949233,0.051449736,-0.9,
971,0.071345399,0.056340899,-0.9,
972,0.067422919,0.06098043,-0.9,
973,0.063199312,0.065347608,-0.9,
974,0.058693441,0.069422927,-0.9,
975,0.053925431,0.073188187,-0.9,
976,0.048916578,0.07662657,-0.9,
977,0.04368925,0.079722721,-0.9,
978,0.038266797,0.08246281,-0.9,
979,0.032673434,0.084834601,-0.9,
980,0.026934144,0.0868275,-0.9,
981,0.021074559,0.088432606,-0.9,
982,0.01512085,0.08964275,-0.9,
983,0.009099608,0.090452529,-0.9,
984,0.003037725,0.090858324,-0.9,
985,-0.003037725,0.090858324,-0.9,
986,-0.009099608,0.090452529,-0.9,
987,-0.01512085,0.08964275,-0.9,
988,-0.021074559,0.088432606,-0.9,
989,-0.026934144,0.0868275,-0.9,
990,-0.032673434,0.084834601,-0.9,
991,-0.038266797,0.08246281,-0.9,
992,-0.04368925,0.079722721,-0.9,
993,-0.048916578,0.07662657,-0.9,
994,-0.053925431,0.073188187,-0.9,
995,-0.058693441,0.069422927,-0.9,
996,-0.063199312,0.065347608,-0.9,
997,-0.067422919,0.06098043,-0.9,
998,-0.071345399,0.056340899,-0.9,
999,-0.074949233,0.051449736,-0.9,
1000,-0.078218325,0.046328786,-0.9,
1001,-0.081138076,0.04100092,-0.9,
1002,-0.083695444,0.035489934,-0.9,
1003,-0.085879008,0.029820442,-0.9,
1004,-0.087679016,0.024017764,-0.9,
1005,-0.089087428,0.018107817,-0.9,
1006,-0.090097953,0.012116996,-0.9,
1007,-0.09070608,0.006072058,-0.9,
1008,-0.090909091,1.11377E-17,-0.9,
1009,0.045454545,0,-0.9,
1010,0.04535304,0.003036029,-0.9,
1011,0.045048977,0.006058498,-0.9,
1012,0.044543714,0.009053908,-0.9,
1013,0.043839508,0.012008882,-0.9,
1014,0.042939504,0.014910221,-0.9,
1015,0.041847722,0.017744967,-0.9,
1016,0.040569038,0.02050046,-0.9,
1017,0.039109163,0.023164393,-0.9,
1018,0.037474616,0.025724868,-0.9,
1019,0.035672699,0.028170449,-0.9,
1020,0.033711459,0.030490215,-0.9,
1021,0.031599656,0.032673804,-0.9,
1022,0.029346721,0.034711463,-0.9,
1023,0.026962716,0.036594093,-0.9,
1024,0.024458289,0.038313285,-0.9,
1025,0.021844625,0.03986136,-0.9,
1026,0.019133398,0.041231405,-0.9,
1027,0.016336717,0.042417301,-0.9,
1028,0.013467072,0.04341375,-0.9,
1029,0.01053728,0.044216303,-0.9,
1030,0.007560425,0.044821375,-0.9,
1031,0.004549804,0.045226264,-0.9,
1032,0.001518863,0.045429162,-0.9,
1033,-0.001518863,0.045429162,-0.9,
1034,-0.004549804,0.045226264,-0.9,
1035,-0.007560425,0.044821375,-0.9,
1036,-0.01053728,0.044216303,-0.9,
1037,-0.013467072,0.04341375,-0.9,
1038,-0.016336717,0.042417301,-0.9,
1039,-0.019133398,0.041231405,-0.9,
1040,-0.021844625,0.03986136,-0.9,
1041,-0.024458289,0.038313285,-0.9,
1042,-0.026962716,0.036594093,-0.9,
1043,-0.029346721,0.034711463,-0.9,
1044,-0.031599656,0.032673804,-0.9,
1045,-0.033711459,0.030490215,-0.9,
1046,-0.035672699,0.028170449,-0.9,
1047,-0.037474616,0.025724868,-0.9,
1048,-0.039109163,0.023164393,-0.9,
1049,-0.040569038,0.02050046,-0.9,
1050,-0.041847722,0.017744967,-0.9,
1051,-0.042939504,0.014910221,-0.9,
1052,-0.043839508,0.012008882,-0.9,
1053,-0.044543714,0.009053908,-0.9,
1054,-0.045048977,0.006058498,-0.9,
1055,-0.04535304,0.003036029,-0.9,
1056,-0.045454545,5.56886E-18,-0.9,
987
1,2,1,49,50
2,3,2,50,51
3,4,3,51,52
4,5,4,52,53
5,6,5,53,54
6,7,6,54,55
7,8,7,55,56
8,9,8,56,57
9,10,9,57,58
10,11,10,58,59
11,12,11,59,60
12,13,12,60,61
13,14,13,61,62
14,15,14,62,63
15,16,15,63,64
16,17,16,64,65
17,18,17,65,66
18,19,18,66,67
19,20,19,67,68
20,21,20,68,69
21,22,21,69,70
22,23,22,70,71
23,24,23,71,72
24,25,24,72,73
25,26,25,73,74
26,27,26,74,75
27,28,27,75,76
28,29,28,76,77
29,30,29,77,78
30,31,30,78,79
31,32,31,79,80
32,33,32,80,81
33,34,33,81,82
34,35,34,82,83
35,36,35,83,84
36,37,36,84,85
37,38,37,85,86
38,39,38,86,87
39,40,39,87,88
40,41,40,88,89
41,42,41,89,90
42,43,42,90,91
43,44,43,91,92
44,45,44,92,93
45,46,45,93,94
46,47,46,94,95
47,48,47,95,96
48,50,49,97,98
49,51,50,98,99
50,52,51,99,100
51,53,52,100,101
52,54,53,101,102
53,55,54,102,103
54,56,55,103,104
55,57,56,104,105
56,58,57,105,106
57,59,58,106,107
58,60,59,107,108
59,61,60,108,109
60,62,61,109,110
61,63,62,110,111
62,64,63,111,112
63,65,64,112,113
64,66,65,113,114
65,67,66,114,115
66,68,67,115,116
67,69,68,116,117
68,70,69,117,118
69,71,70,118,119
70,72,71,119,120
71,73,72,120,121
72,74,73,121,122
73,75,74,122,123
74,76,75,123,124
75,77,76,124,125
76,78,77,125,126
77,79,78,126,127
78,80,79,127,128
79,81,80,128,129
80,82,81,129,130
81,83,82,130,131
82,84,83,131,132
83,85,84,132,133
84,86,85,133,134
85,87,86,134,135
86,88,87,135,136
87,89,88,136,137
88,90,89,137,138
89,91,90,138,139
90,92,91,139,140
91,93,92,140,141
92,94,93,141,142
93,95,94,142,143
94,96,95,143,144
95,98,97,145,146
96,99,98,146,147
97,100,99,147,148
98,101,100,148,149
99,102,101,149,150
100,103,102,150,151
101,104,103,151,152
102,105,104,152,153
103,106,105,153,154
104,107,106,154,155
105,108,107,155,156
106,109,108,156,157
107,110,109,157,158
108,111,110,158,159
109,112,111,159,160
110,113,112,160,161
111,114,113,161,162
112,115,114,162,163
113,116,115,163,164
114,117,116,164,165
115,118,117,165,166
116,119,118,166,167
117,120,119,167,168
118,121,120,168,169
119,122,121,169,170
120,123,122,170,171
121,124,123,171,172
122,125,124,172,173
123,126,125,173,174
124,127,126,174,175
125,128,127,175,176
126,129,128,176,177
127,130,129,177,178
128,131,130,178,179
129,132,131,179,180
130,133,132,180,181
131,134,133,181,182
132,135,134,182,183
133,136,135,183,184
134,137,136,184,185
135,138,137,185,186
136,139,138,186,187
137,140,139,187,188
138,141,140,188,189
139,142,141,189,190
140,143,142,190,191
141,144,143,191,192
142,146,145,193,194
143,147,146,194,195
144,148,147,195,196
145,149,148,196,197
146,150,149,197,198
147,151,150,198,199
148,152,151,199,200
149,153,152,200,201
150,154,153,201,202
151,155,154,202,203
152,156,155,203,204
153,157,156,204,205
154,158,157,205,206
155,159,158,206,207
156,160,159,207,208
157,161,160,208,209
158,162,161,209,210
159,163,162,210,211
160,164,163,211,212
161,165,164,212,213
162,166,165,213,214
163,167,166,214,215
164,168,167,215,216
165,169,168,216,217
166,170,169,217,218
167,171,170,218,219
168,172,171,219,220
169,173,172,220,221
170,174,173,221,222
171,175,174,222,223
172,176,175,223,224
173,177,176,224,225
174,178,177,225,226
175,179,178,226,227
176,180,179,227,228
177,181,180,228,229
178,182,181,229,230
179,183,182,230,231
180,184,183,231,232
181,185,184,232,233
182,186,185,233,234
183,187,186,234,235
184,188,187,235,236
185,189,188,236,237
186,190,189,237,238
187,191,190,238,239
188,192,191,239,240
189,194,193,241,242
190,195,194,242,243
191,196,195,243,244
192,197,196,244,245
193,198,197,245,246
194,199,198,246,247
195,200,199,247,248
196,201,200,248,249
197,202,201,249,250
198,203,202,250,251
199,204,203,251,252
200,205,204,252,253
201,206,205,253,254
202,207,206,254,255
203,208,207,255,256
204,209,208,256,257
205,210,209,257,258
206,211,210,258,259
207,212,211,259,260
208,213,212,260,261
209,214,213,261,262
210,215,214,262,263
211,216,215,263,264
212,217,216,264,265
213,218,217,265,266
214,219,218,266,267
215,220,219,267,268
216,221,220,268,269
217,222,221,269,270
218,223,222,270,271
219,224,223,271,272
220,225,224,272,273
221,226,225,273,274
222,227,226,274,275
223,228,227,275,276
224,229,228,276,277
225,230,229,277,278
226,231,230,278,279
227,232,231,279,280
228,233,232,280,281
229,234,233,281,282
230,235,234,282,283
231,236,235,283,284
232,237,236,284,285
233,238,237,285,286
234,239,238,286,287
235,240,239,287,288
236,242,241,289,290
237,243,242,290,291
238,244,243,291,292
239,245,244,292,293
240,246,245,293,294
241,247,246,294,295
242,248,247,295,296
243,249,248,296,297
244,250,249,297,298
245,251,250,298,299
246,252,251,299,300
247,253,252,300,301
248,254,253,301,302
249,255,254,302,303
250,256,255,303,304
251,257,256,304,305
252,258,257,305,306
253,259,258,306,307
254,260,259,307,308
255,261,260,308,309
256,262,261,309,310
257,263,262,310,311
258,264,263,311,312
259,265,264,312,313
260,266,265,313,314
261,267,266,314,315
262,268,267,315,316
263,269,268,316,317
264,270,269,317,318
265,271,270,318,319
266,272,271,319,320
267,273,272,320,321
268,274,273,321,322
269,275,274,322,323
270,276,275,323,324
271,277,276,324,325
272,278,277,325,326
273,279,278,326,327
274,280,279,327,328
275,281,280,328,329
276,282,281,329,330
277,283,282,330,331
278,284,283,331,332
279,285,284,332,333
280,286,285,333,334
281,287,286,334,335
282,288,287,335,336
283,290,289,337,338
284,291,290,338,339
285,292,291,339,340
286,293,292,340,341
287,294,293,341,342
288,295,294,342,343
289,296,295,343,344
290,297,296,344,345
291,298,297,345,346
292,299,298,346,347
293,300,299,347,348
294,301,300,348,349
295,302,301,349,350
296,303,302,350,351
297,304,303,351,352
298,305,304,352,353
299,306,305,353,354
300,307,306,354,355
301,308,307,355,356
302,309,308,356,357
303,310,309,357,358
304,311,310,358,359
305,312,311,359,360
306,313,312,360,361
307,314,313,361,362
308,315,314,362,363
309,316,315,363,364
310,317,316,364,365
311,318,317,365,366
312,319,318,366,367
313,320,319,367,368
314,321,320,368,369
315,322,321,369,370
316,323,322,370,371
317,324,323,371,372
318,325,324,372,373
319,326,325,373,374
320,327,326,374,375
321,328,327,375,376
322,329,328,376,377
323,330,329,377,378
324,331,330,378,379
325,332,331,379,380
326,333,332,380,381
327,334,333,381,382
328,335,334,382,383
329,336,335,383,384
330,338,337,385,386
331,339,338,386,387
332,340,339,387,388
333,341,340,388,389
334,342,341,389,390
335,343,342,390,391
336,344,343,391,392
337,345,344,392,393
338,346,345,393,394
339,347,346,394,395
340,348,347,395,396
341,349,348,396,397
342,350,349,397,398
343,351,350,398,399
344,352,351,399,400
345,353,352,400,401
346,354,353,401,402
347,355,354,402,403
348,356,355,403,404
349,357,356,404,405
350,358,357,405,406
351,359,358,406,407
352,360,359,407,408
353,361,360,408,409
354,362,361,409,410
355,363,362,410,411
356,364,363,411,412
357,365,364,412,413
358,366,365,413,414
359,367,366,414,415
360,368,367,415,416
361,369,368,416,417
362,370,369,417,418
363,371,370,418,419
364,372,371,419,420
365,373,372,420,421
366,374,373,421,422
367,375,374,422,423
368,376,375,423,424
369,377,376,424,425
370,378,377,425,426
371,379,378,426,427
372,380,379,427,428
373,381,380,428,429
374,382,381,429,430
375,383,382,430,431
376,384,383,431,432
377,386,385,433,434
378,387,386,434,435
379,388,387,435,436
380,389,388,436,437
381,390,389,437,438
382,391,390,438,439
383,392,391,439,440
384,393,392,440,441
385,394,393,441,442
386,395,394,442,443
387,396,395,443,444
388,397,396,444,445
389,398,397,445,446
390,399,398,446,447
391,400,399,447,448
392,401,400,448,449
393,402,401,449,450
394,403,402,450,451
395,404,403,451,452
396,405,404,452,453
397,406,405,453,454
398,407,406,454,455
399,408,407,455,456
400,409,408,456,457
401,410,409,457,458
402,411,410,458,459
403,412,411,459,460
404,413,412,460,461
405,414,413,461,462
406,415,414,462,463
407,416,415,463,464
408,417,416,464,465
409,418,417,465,466
410,419,418,466,467
411,420,419,467,468
412,421,420,468,469
413,422,421,469,470
414,423,422,470,471
415,424,423,471,472
416,425,424,472,473
417,426,425,473,474
418,427,426,474,475
419,428,427,475,476
420,429,428,476,477
421,430,429,477,478
422,431,430,478,479
423,432,431,479,480
424,434,433,481,482
425,435,434,482,483
426,436,435,483,484
427,437,436,484,485
428,438,437,485,486
429,439,438,486,487
430,440,439,487,488
431,441,440,488,489
432,442,441,489,490
433,443,442,490,491
434,444,443,491,492
435,445,444,492,493
436,446,445,493,494
437,447,446,494,495
438,448,447,495,496
439,449,448,496,497
440,450,449,497,498
441,451,450,498,499
442,452,451,499,500
443,453,452,500,501
444,454,453,501,502
445,455,454,502,503
446,456,455,503,504
447,457,456,504,505
448,458,457,505,506
449,459,458,506,507
450,460,459,507,508
451,461,460,508,509
452,462,461,509,510
453,463,462,510,511
454,464,463,511,512
455,465,464,512,513
456,466,465,513,514
457,467,466,514,515
458,468,467,515,516
459,469,468,516,517
460,470,469,517,518
461,471,470,518,519
462,472,471,519,520
463,473,472,520,521
464,474,473,521,522
465,475,474,522,523
466,476,475,523,524
467,477,476,524,525
468,478,477,525,526
469,479,478,526,527
470,480,479,527,528
471,482,481,529,530
472,483,482,530,531
473,484,483,531,532
474,485,484,532,533
475,486,485,533,534
476,487,486,534,535
477,488,487,535,536
478,489,488,536,537
479,490,489,537,538
480,491,490,538,539
481,492,491,539,540
482,493,492,540,541
483,494,493,541,542
484,495,494,542,543
485,496,495,543,544
486,497,496,544,545
487,498,497,545,546
488,499,498,546,547
489,500,499,547,548
490,501,500,548,549
491,502,501,549,550
492,503,502,550,551
493,504,503,551,552
494,505,504,552,553
495,506,505,553,554
496,507,506,554,555
497,508,507,555,556
498,509,508,556,557
499,510,509,557,558
500,511,510,558,559
501,512,511,559,560
502,513,512,560,561
503,514,513,561,562
504,515,514,562,563
505,516,515,563,564
506,517,516,564,565
507,518,517,565,566
508,519,518,566,567
509,520,519,567,568
510,521,520,568,569
511,522,521,569,570
512,523,522,570,571
513,524,523,571,572
514,525,524,572,573
515,526,525,573,574
516,527,526,574,575
517,528,527,575,576
518,530,529,577,578
519,531,530,578,579
520,532,531,579,580
521,533,532,580,581
522,534,533,581,582
523,535,534,582,583
524,536,535,583,584
525,537,536,584,585
526,538,537,585,586
527,539,538,586,587
528,540,539,587,588
529,541,540,588,589
530,542,541,589,590
531,543,542,590,591
532,544,543,591,592
533,545,544,592,593
534,546,545,593,594
535,547,546,594,595
536,548,547,595,596
537,549,548,596,597
538,550,549,597,598
539,551,550,598,599
540,552,551,599,600
541,553,552,600,601
542,554,553,601,602
543,555,554,602,603
544,556,555,603,604
545,557,556,604,605
546,558,557,605,606
547,559,558,606,607
548,560,559,607,608
549,561,560,608,609
550,562,561,609,610
551,563,562,610,611
552,564,563,611,612
553,565,564,612,613
554,566,565,613,614
555,567,566,614,615
556,568,567,615,616
557,569,568,616,617
558,570,569,617,618
559,571,570,618,619
560,572,571,619,620
561,573,572,620,621
562,574,573,621,622
563,575,574,622,623
564,576,575,623,624
565,578,577,625,626
566,579,578,626,627
567,580,579,627,628
568,581,580,628,629
569,582,581,629,630
570,583,582,630,631
571,584,583,631,632
572,585,584,632,633
573,586,585,633,634
574,587,586,634,635
575,588,587,635,636
576,589,588,636,637
577,590,589,637,638
578,591,590,638,639
579,592,591,639,640
580,593,592,640,641
581,594,593,641,642
582,595,594,642,643
583,596,595,643,644
584,597,596,644,645
585,598,597,645,646
586,599,598,646,647
587,600,599,647,648
588,601,600,648,649
589,602,601,649,650
590,603,602,650,651
591,604,603,651,652
592,605,604,652,653
593,606,605,653,654
594,607,606,654,655
595,608,607,655,656
596,609,608,656,657
597,610,609,657,658
598,611,610,658,659
599,612,611,659,660
600,613,612,660,661
601,614,613,661,662
602,615,614,662,663
603,616,615,663,664
604,617,616,664,665
605,618,617,665,666
606,619,618,666,667
607,620,619,667,668
608,621,620,668,669
609,622,621,669,670
610,623,622,670,671
611,624,623,671,672
612,626,625,673,674
613,627,626,674,675
614,628,627,675,676
615,629,628,676,677
616,630,629,677,678
617,631,630,678,679
618,632,631,679,680
619,633,632,680,681
620,634,633,681,682
621,635,634,682,683
622,636,635,683,684
623,637,636,684,685
624,638,637,685,686
625,639,638,686,687
626,640,639,687,688
627,641,640,688,689
628,642,641,689,690
629,643,642,690,691
630,644,643,691,692
631,645,644,692,693
632,646,645,693,694
633,647,646,694,695
634,648,647,695,696
635,649,648,696,697
636,650,649,697,698
637,651,650,698,699
638,652,651,699,700
639,653,652,700,701
640,654,653,701,702
641,655,654,702,703
642,656,655,703,704
643,657,656,704,705
644,658,657,705,706
645,659,658,706,707
646,660,659,707,708
647,661,660,708,709
648,662,661,709,710
649,663,662,710,711
650,664,663,711,712
651,665,664,712,713
652,666,665,713,714
653,667,666,714,715
654,668,667,715,716
655,669,668,716,717
656,670,669,717,718
657,671,670,718,719
658,672,671,719,720
659,674,673,721,722
660,675,674,722,723
661,676,675,723,724
662,677,676,724,725
663,678,677,725,726
664,679,678,726,727
665,680,679,727,728
666,681,680,728,729
667,682,681,729,730
668,683,682,730,731
669,684,683,731,732
670,685,684,732,733
671,686,685,733,734
672,687,686,734,735
673,688,687,735,736
674,689,688,736,737
675,690,689,737,738
676,691,690,738,739
677,692,691,739,740
678,693,692,740,741
679,694,693,741,742
680,695,694,742,743
681,696,695,743,744
682,697,696,744,745
683,698,697,745,746
684,699,698,746,747
685,700,699,747,748
686,701,700,748,749
687,702,701,749,750
688,703,702,750,751
689,704,703,751,752
690,705,704,752,753
691,706,705,753,754
692,707,706,754,755
693,708,707,755,756
694,709,708,756,757
695,710,709,757,758
696,711,710,758,759
697,712,711,759,760
698,713,712,760,761
699,714,713,761,762
700,715,714,762,763
701,716,715,763,764
702,717,716,764,765
703,718,717,765,766
704,719,718,766,767
705,720,719,767,768
706,722,721,769,770
707,723,722,770,771
708,724,723,771,772
709,725,724,772,773
710,726,725,773,774
711,727,726,774,775
712,728,727,775,776
713,729,728,776,777
714,730,729,777,778
715,731,730,778,779
716,732,731,779,780
717,733,732,780,781
718,734,733,781,782
719,735,734,782,783
720,736,735,783,784
721,737,736,784,785
722,738,737,785,786
723,739,738,786,787
724,740,739,787,788
725,741,740,788,789
726,742,741,789,790
727,743,742,790,791
728,744,743,791,792
729,745,744,792,793
730,746,745,793,794
731,747,746,794,795
732,748,747,795,796
733,749,748,796,797
734,750,749,797,798
735,751,750,798,799
736,752,751,799,800
737,753,752,800,801
738,754,753,801,802
739,755,754,802,803
740,756,755,803,804
741,757,756,804,805
742,758,757,805,806
743,759,758,806,807
744,760,759,807,808
745,761,760,808,809
746,762,761,809,810
747,763,762,810,811
748,764,763,811,812
749,765,764,812,813
750,766,765,813,814
751,767,766,814,815
752,768,767,815,816
753,770,769,817,818
754,771,770,818,819
755,772,771,819,820
756,773,772,820,821
757,774,773,821,822
758,775,774,822,823
759,776,775,823,824
760,777,776,824,825
761,778,777,825,826
762,779,778,826,827
763,780,779,827,828
764,781,780,828,829
765,782,781,829,830
766,783,782,830,831
767,784,783,831,832
768,785,784,832,833
769,786,785,833,834
770,787,786,834,835
771,788,787,835,836
772,789,788,836,837
773,790,789,837,838
774,791,790,838,839
775,792,791,839,840
776,793,792,840,841
777,794,793,841,842
778,795,794,842,843
779,796,795,843,844
780,797,796,844,845
781,798,797,845,846
782,799,798,846,847
783,800,799,847,848
784,801,800,848,849
785,802,801,849,850
786,803,802,850,851
787,804,803,851,852
788,805,804,852,853
789,806,805,853,854
790,807,806,854,855
791,808,807,855,856
792,809,808,856,857
793,810,809,857,858
794,811,810,858,859
795,812,811,859,860
796,813,812,860,861
797,814,813,861,862
798,815,814,862,863
799,816,815,863,864
800,818,817,865,866
801,819,818,866,867
802,820,819,867,868
803,821,820,868,869
804,822,821,869,870
805,823,822,870,871
806,824,823,871,872
807,825,824,872,873
808,826,825,873,874
809,827,826,874,875
810,828,827,875,876
811,829,828,876,877
812,830,829,877,878
813,831,830,878,879
814,832,831,879,880
815,833,832,880,881
816,834,833,881,882
817,835,834,882,883
818,836,835,883,884
819,837,836,884,885
820,838,837,885,886
821,839,838,886,887
822,840,839,887,888
823,841,840,888,889
824,842,841,889,890
825,843,842,890,891
826,844,843,891,892
827,845,844,892,893
828,846,845,893,894
829,847,846,894,895
830,848,847,895,896
831,849,848,896,897
832,850,849,897,898
833,851,850,898,899
834,852,851,899,900
835,853,852,900,901
836,854,853,901,902
837,855,854,902,903
838,856,855,903,904
839,857,856,904,905
840,858,857,905,906
841,859,858,906,907
842,860,859,907,908
843,861,860,908,909
844,862,861,909,910
845,863,862,910,911
846,864,863,911,912
847,866,865,913,914
848,867,866,914,915
849,868,867,915,916
850,869,868,916,917
851,870,869,917,918
852,871,870,918,919
853,872,871,919,920
854,873,872,920,921
855,874,873,921,922
856,875,874,922,923
857,876,875,923,924
858,877,876,924,925
859,878,877,925,926
860,879,878,926,927
861,880,879,927,928
862,881,880,928,929
863,882,881,929,930
864,883,882,930,931
865,884,883,931,932
866,885,884,932,933
867,886,885,933,934
868,887,886,934,935
869,888,887,935,936
870,889,888,936,937
871,890,889,937,938
872,891,890,938,939
873,892,891,939,940
874,893,892,940,941
875,894,893,941,942
876,895,894,942,943
877,896,895,943,944
878,897,896,944,945
879,898,897,945,946
880,899,898,946,947
881,900,899,947,948
882,901,900,948,949
883,902,901,949,950
884,903,902,950,951
885,904,903,951,952
886,905,904,952,953
887,906,905,953,954
888,907,906,954,955
889,908,907,955,956
890,909,908,956,957
891,910,909,957,958
892,911,910,958,959
893,912,911,959,960
894,914,913,961,962
895,915,914,962,963
896,916,915,963,964
897,917,916,964,965
898,918,917,965,966
899,919,918,966,967
900,920,919,967,968
901,921,920,968,969
902,922,921,969,970
903,923,922,970,971
904,924,923,971,972
905,925,924,972,973
906,926,925,973,974
907,927,926,974,975
908,928,927,975,976
909,929,928,976,977
910,930,929,977,978
911,931,930,978,979
912,932,931,979,980
913,933,932,980,981
914,934,933,981,982
915,935,934,982,983
916,936,935,983,984
917,937,936,984,985
918,938,937,985,986
919,939,938,986,987
920,940,939,987,988
921,941,940,988,989
922,942,941,989,990
923,943,942,990,991
924,944,943,991,992
925,945,944,992,993
926,946,945,993,994
927,947,946,994,995
928,948,947,995,996
929,949,948,996,997
930,950,949,997,998
931,951,950,998,999
932,952,951,999,1000
933,953,952,1000,1001
934,954,953,1001,1002
935,955,954,1002,1003
936,956,955,1003,1004
937,957,956,1004,1005
938,958,957,1005,1006
939,959,958,1006,1007
940,960,959,1007,1008
941,962,961,1009,1010
942,963,962,1010,1011
943,964,963,1011,1012
944,965,964,1012,1013
945,966,965,1013,1014
946,967,966,1014,1015
947,968,967,1015,1016
948,969,968,1016,1017
949,970,969,1017,1018
950,971,970,1018,1019
951,972,971,1019,1020
952,973,972,1020,1021
953,974,973,1021,1022
954,975,974,1022,1023
955,976,975,1023,1024
956,977,976,1024,1025
957,978,977,1025,1026
958,979,978,1026,1027
959,980,979,1027,1028
960,981,980,1028,1029
961,982,981,1029,1030
962,983,982,1030,1031
963,984,983,1031,1032
964,985,984,1032,1033
965,986,985,1033,1034
966,987,986,1034,1035
967,988,987,1035,1036
968,989,988,1036,1037
969,990,989,1037,1038
970,991,990,1038,1039
971,992,991,1039,1040
972,993,992,1040,1041
973,994,993,1041,1042
974,995,994,1042,1043
975,996,995,1043,1044
976,997,996,1044,1045
977,998,997,1045,1046
978,999,998,1046,1047
979,1000,999,1047,1048
980,1001,1000,1048,1049
981,1002,1001,1049,1050
982,1003,1002,1050,1051
983,1004,1003,1051,1052
984,1005,1004,1052,1053
985,1006,1005,1053,1054
986,1007,1006,1054,1055
987,1008,1007,1055,1056