2	1		
1	0.5	0	0
2	0.498883439	0.033396317	0
3	0.495538744	0.066643478	0
4	0.489980853	0.099592993	0
5	0.482234588	0.132097701	0
6	0.472334546	0.164012429	0
7	0.460324943	0.195194638	0
8	0.446259418	0.22550506	0
9	0.43020079	0.254808321	0
10	0.41222078	0.282973547	0
11	0.392399693	0.309874944	0
12	0.370826053	0.335392365	0
13	0.347596214	0.359411842	0
14	0.322813926	0.381826098	0
15	0.296589872	0.402535027	0
16	0.269041177	0.421446136	0
17	0.240290878	0.438474964	0
18	0.210467381	0.453545457	0
19	0.179703886	0.466590306	0
20	0.14813779	0.477551249	0
21	0.115910075	0.486379332	0
22	0.083164677	0.493035127	0
23	0.050047846	0.497488908	0
24	0.016707489	0.499720782	0
25	-0.016707489	0.499720782	0
26	-0.050047846	0.497488908	0
27	-0.083164677	0.493035127	0
28	-0.115910075	0.486379332	0
29	-0.14813779	0.477551249	0
30	-0.179703886	0.466590306	0
31	-0.210467381	0.453545457	0
32	-0.240290878	0.438474964	0
33	-0.269041177	0.421446136	0
34	-0.296589872	0.402535027	0
35	-0.322813926	0.381826098	0
36	-0.347596214	0.359411842	0
37	-0.370826053	0.335392365	0
38	-0.392399693	0.309874944	0
39	-0.41222078	0.282973547	0
40	-0.43020079	0.254808321	0
41	-0.446259418	0.22550506	0
42	-0.460324943	0.195194638	0
43	-0.472334546	0.164012429	0
44	-0.482234588	0.132097701	0
45	-0.489980853	0.099592993	0
46	-0.495538744	0.066643478	0
47	-0.498883439	0.033396317	0
48	-0.5	6.12574E-17	0
49	0.5	0	-0.040909091
50	0.498883439	0.033396317	-0.040909091
51	0.495538744	0.066643478	-0.040909091
52	0.489980853	0.099592993	-0.040909091
53	0.482234588	0.132097701	-0.040909091
54	0.472334546	0.164012429	-0.040909091
55	0.460324943	0.195194638	-0.040909091
56	0.446259418	0.22550506	-0.040909091
57	0.43020079	0.254808321	-0.040909091
58	0.41222078	0.282973547	-0.040909091
59	0.392399693	0.309874944	-0.040909091
60	0.370826053	0.335392365	-0.040909091
61	0.347596214	0.359411842	-0.040909091
62	0.322813926	0.381826098	-0.040909091
63	0.296589872	0.402535027	-0.040909091
64	0.269041177	0.421446136	-0.040909091
65	0.240290878	0.438474964	-0.040909091
66	0.210467381	0.453545457	-0.040909091
67	0.179703886	0.466590306	-0.040909091
68	0.14813779	0.477551249	-0.040909091
69	0.115910075	0.486379332	-0.040909091
70	0.083164677	0.493035127	-0.040909091
71	0.050047846	0.497488908	-0.040909091
72	0.016707489	0.499720782	-0.040909091
73	-0.016707489	0.499720782	-0.040909091
74	-0.050047846	0.497488908	-0.040909091
75	-0.083164677	0.493035127	-0.040909091
76	-0.115910075	0.486379332	-0.040909091
77	-0.14813779	0.477551249	-0.040909091
78	-0.179703886	0.466590306	-0.040909091
79	-0.210467381	0.453545457	-0.040909091
80	-0.240290878	0.438474964	-0.040909091
81	-0.269041177	0.421446136	-0.040909091
82	-0.296589872	0.402535027	-0.040909091
83	-0.322813926	0.381826098	-0.040909091
84	-0.347596214	0.359411842	-0.040909091
85	-0.370826053	0.335392365	-0.040909091
86	-0.392399693	0.309874944	-0.040909091
87	-0.41222078	0.282973547	-0.040909091
88	-0.43020079	0.254808321	-0.040909091
89	-0.446259418	0.22550506	-0.040909091
90	-0.460324943	0.195194638	-0.040909091
91	-0.472334546	0.164012429	-0.040909091
92	-0.482234588	0.132097701	-0.040909091
93	-0.489980853	0.099592993	-0.040909091
94	-0.495538744	0.066643478	-0.040909091
95	-0.498883439	0.033396317	-0.040909091
96	-0.5	6.12574E-17	-0.040909091
97	0.5	0	-0.081818182
98	0.498883439	0.033396317	-0.081818182
99	0.495538744	0.066643478	-0.081818182
100	0.489980853	0.099592993	-0.081818182
101	0.482234588	0.132097701	-0.081818182
102	0.472334546	0.164012429	-0.081818182
103	0.460324943	0.195194638	-0.081818182
104	0.446259418	0.22550506	-0.081818182
105	0.43020079	0.254808321	-0.081818182
106	0.41222078	0.282973547	-0.081818182
107	0.392399693	0.309874944	-0.081818182
108	0.370826053	0.335392365	-0.081818182
109	0.347596214	0.359411842	-0.081818182
110	0.322813926	0.381826098	-0.081818182
111	0.296589872	0.402535027	-0.081818182
112	0.269041177	0.421446136	-0.081818182
113	0.240290878	0.438474964	-0.081818182
114	0.210467381	0.453545457	-0.081818182
115	0.179703886	0.466590306	-0.081818182
116	0.14813779	0.477551249	-0.081818182
117	0.115910075	0.486379332	-0.081818182
118	0.083164677	0.493035127	-0.081818182
119	0.050047846	0.497488908	-0.081818182
120	0.016707489	0.499720782	-0.081818182
121	-0.016707489	0.499720782	-0.081818182
122	-0.050047846	0.497488908	-0.081818182
123	-0.083164677	0.493035127	-0.081818182
124	-0.115910075	0.486379332	-0.081818182
125	-0.14813779	0.477551249	-0.081818182
126	-0.179703886	0.466590306	-0.081818182
127	-0.210467381	0.453545457	-0.081818182
128	-0.240290878	0.438474964	-0.081818182
129	-0.269041177	0.421446136	-0.081818182
130	-0.296589872	0.402535027	-0.081818182
131	-0.322813926	0.381826098	-0.081818182
132	-0.347596214	0.359411842	-0.081818182
133	-0.370826053	0.335392365	-0.081818182
134	-0.392399693	0.309874944	-0.081818182
135	-0.41222078	0.282973547	-0.081818182
136	-0.43020079	0.254808321	-0.081818182
137	-0.446259418	0.22550506	-0.081818182
138	-0.460324943	0.195194638	-0.081818182
139	-0.472334546	0.164012429	-0.081818182
140	-0.482234588	0.132097701	-0.081818182
141	-0.489980853	0.099592993	-0.081818182
142	-0.495538744	0.066643478	-0.081818182
143	-0.498883439	0.033396317	-0.081818182
144	-0.5	6.12574E-17	-0.081818182
145	0.5	0	-0.122727273
146	0.498883439	0.033396317	-0.122727273
147	0.495538744	0.066643478	-0.122727273
148	0.489980853	0.099592993	-0.122727273
149	0.482234588	0.132097701	-0.122727273
150	0.472334546	0.164012429	-0.122727273
151	0.460324943	0.195194638	-0.122727273
152	0.446259418	0.22550506	-0.122727273
153	0.43020079	0.254808321	-0.122727273
154	0.41222078	0.282973547	-0.122727273
155	0.392399693	0.309874944	-0.122727273
156	0.370826053	0.335392365	-0.122727273
157	0.347596214	0.359411842	-0.122727273
158	0.322813926	0.381826098	-0.122727273
159	0.296589872	0.402535027	-0.122727273
160	0.269041177	0.421446136	-0.122727273
161	0.240290878	0.438474964	-0.122727273
162	0.210467381	0.453545457	-0.122727273
163	0.179703886	0.466590306	-0.122727273
164	0.14813779	0.477551249	-0.122727273
165	0.115910075	0.486379332	-0.122727273
166	0.083164677	0.493035127	-0.122727273
167	0.050047846	0.497488908	-0.122727273
168	0.016707489	0.499720782	-0.122727273
169	-0.016707489	0.499720782	-0.122727273
170	-0.050047846	0.497488908	-0.122727273
171	-0.083164677	0.493035127	-0.122727273
172	-0.115910075	0.486379332	-0.122727273
173	-0.14813779	0.477551249	-0.122727273
174	-0.179703886	0.466590306	-0.122727273
175	-0.210467381	0.453545457	-0.122727273
176	-0.240290878	0.438474964	-0.122727273
177	-0.269041177	0.421446136	-0.122727273
178	-0.296589872	0.402535027	-0.122727273
179	-0.322813926	0.381826098	-0.122727273
180	-0.347596214	0.359411842	-0.122727273
181	-0.370826053	0.335392365	-0.122727273
182	-0.392399693	0.309874944	-0.122727273
183	-0.41222078	0.282973547	-0.122727273
184	-0.43020079	0.254808321	-0.122727273
185	-0.446259418	0.22550506	-0.122727273
186	-0.460324943	0.195194638	-0.122727273
187	-0.472334546	0.164012429	-0.122727273
188	-0.482234588	0.132097701	-0.122727273
189	-0.489980853	0.099592993	-0.122727273
190	-0.495538744	0.066643478	-0.122727273
191	-0.498883439	0.033396317	-0.122727273
192	-0.5	6.12574E-17	-0.122727273
193	0.5	0	-0.163636364
194	0.498883439	0.033396317	-0.163636364
195	0.495538744	0.066643478	-0.163636364
196	0.489980853	0.099592993	-0.163636364
197	0.482234588	0.132097701	-0.163636364
198	0.472334546	0.164012429	-0.163636364
199	0.460324943	0.195194638	-0.163636364
200	0.446259418	0.22550506	-0.163636364
201	0.43020079	0.254808321	-0.163636364
202	0.41222078	0.282973547	-0.163636364
203	0.392399693	0.309874944	-0.163636364
204	0.370826053	0.335392365	-0.163636364
205	0.347596214	0.359411842	-0.163636364
206	0.322813926	0.381826098	-0.163636364
207	0.296589872	0.402535027	-0.163636364
208	0.269041177	0.421446136	-0.163636364
209	0.240290878	0.438474964	-0.163636364
210	0.210467381	0.453545457	-0.163636364
211	0.179703886	0.466590306	-0.163636364
212	0.14813779	0.477551249	-0.163636364
213	0.115910075	0.486379332	-0.163636364
214	0.083164677	0.493035127	-0.163636364
215	0.050047846	0.497488908	-0.163636364
216	0.016707489	0.499720782	-0.163636364
217	-0.016707489	0.499720782	-0.163636364
218	-0.050047846	0.497488908	-0.163636364
219	-0.083164677	0.493035127	-0.163636364
220	-0.115910075	0.486379332	-0.163636364
221	-0.14813779	0.477551249	-0.163636364
222	-0.179703886	0.466590306	-0.163636364
223	-0.210467381	0.453545457	-0.163636364
224	-0.240290878	0.438474964	-0.163636364
225	-0.269041177	0.421446136	-0.163636364
226	-0.296589872	0.402535027	-0.163636364
227	-0.322813926	0.381826098	-0.163636364
228	-0.347596214	0.359411842	-0.163636364
229	-0.370826053	0.335392365	-0.163636364
230	-0.392399693	0.309874944	-0.163636364
231	-0.41222078	0.282973547	-0.163636364
232	-0.43020079	0.254808321	-0.163636364
233	-0.446259418	0.22550506	-0.163636364
234	-0.460324943	0.195194638	-0.163636364
235	-0.472334546	0.164012429	-0.163636364
236	-0.482234588	0.132097701	-0.163636364
237	-0.489980853	0.099592993	-0.163636364
238	-0.495538744	0.066643478	-0.163636364
239	-0.498883439	0.033396317	-0.163636364
240	-0.5	6.12574E-17	-0.163636364
241	0.5	0	-0.204545455
242	0.498883439	0.033396317	-0.204545455
243	0.495538744	0.066643478	-0.204545455
244	0.489980853	0.099592993	-0.204545455
245	0.482234588	0.132097701	-0.204545455
246	0.472334546	0.164012429	-0.204545455
247	0.460324943	0.195194638	-0.204545455
248	0.446259418	0.22550506	-0.204545455
249	0.43020079	0.254808321	-0.204545455
250	0.41222078	0.282973547	-0.204545455
251	0.392399693	0.309874944	-0.204545455
252	0.370826053	0.335392365	-0.204545455
253	0.347596214	0.359411842	-0.204545455
254	0.322813926	0.381826098	-0.204545455
255	0.296589872	0.402535027	-0.204545455
256	0.269041177	0.421446136	-0.204545455
257	0.240290878	0.438474964	-0.204545455
258	0.210467381	0.453545457	-0.204545455
259	0.179703886	0.466590306	-0.204545455
260	0.14813779	0.477551249	-0.204545455
261	0.115910075	0.486379332	-0.204545455
262	0.083164677	0.493035127	-0.204545455
263	0.050047846	0.497488908	-0.204545455
264	0.016707489	0.499720782	-0.204545455
265	-0.016707489	0.499720782	-0.204545455
266	-0.050047846	0.497488908	-0.204545455
267	-0.083164677	0.493035127	-0.204545455
268	-0.115910075	0.486379332	-0.204545455
269	-0.14813779	0.477551249	-0.204545455
270	-0.179703886	0.466590306	-0.204545455
271	-0.210467381	0.453545457	-0.204545455
272	-0.240290878	0.438474964	-0.204545455
273	-0.269041177	0.421446136	-0.204545455
274	-0.296589872	0.402535027	-0.204545455
275	-0.322813926	0.381826098	-0.204545455
276	-0.347596214	0.359411842	-0.204545455
277	-0.370826053	0.335392365	-0.204545455
278	-0.392399693	0.309874944	-0.204545455
279	-0.41222078	0.282973547	-0.204545455
280	-0.43020079	0.254808321	-0.204545455
281	-0.446259418	0.22550506	-0.204545455
282	-0.460324943	0.195194638	-0.204545455
283	-0.472334546	0.164012429	-0.204545455
284	-0.482234588	0.132097701	-0.204545455
285	-0.489980853	0.099592993	-0.204545455
286	-0.495538744	0.066643478	-0.204545455
287	-0.498883439	0.033396317	-0.204545455
288	-0.5	6.12574E-17	-0.204545455
289	0.5	0	-0.245454545
290	0.498883439	0.033396317	-0.245454545
291	0.495538744	0.066643478	-0.245454545
292	0.489980853	0.099592993	-0.245454545
293	0.482234588	0.132097701	-0.245454545
294	0.472334546	0.164012429	-0.245454545
295	0.460324943	0.195194638	-0.245454545
296	0.446259418	0.22550506	-0.245454545
297	0.43020079	0.254808321	-0.245454545
298	0.41222078	0.282973547	-0.245454545
299	0.392399693	0.309874944	-0.245454545
300	0.370826053	0.335392365	-0.245454545
301	0.347596214	0.359411842	-0.245454545
302	0.322813926	0.381826098	-0.245454545
303	0.296589872	0.402535027	-0.245454545
304	0.269041177	0.421446136	-0.245454545
305	0.240290878	0.438474964	-0.245454545
306	0.210467381	0.453545457	-0.245454545
307	0.179703886	0.466590306	-0.245454545
308	0.14813779	0.477551249	-0.245454545
309	0.115910075	0.486379332	-0.245454545
310	0.083164677	0.493035127	-0.245454545
311	0.050047846	0.497488908	-0.245454545
312	0.016707489	0.499720782	-0.245454545
313	-0.016707489	0.499720782	-0.245454545
314	-0.050047846	0.497488908	-0.245454545
315	-0.083164677	0.493035127	-0.245454545
316	-0.115910075	0.486379332	-0.245454545
317	-0.14813779	0.477551249	-0.245454545
318	-0.179703886	0.466590306	-0.245454545
319	-0.210467381	0.453545457	-0.245454545
320	-0.240290878	0.438474964	-0.245454545
321	-0.269041177	0.421446136	-0.245454545
322	-0.296589872	0.402535027	-0.245454545
323	-0.322813926	0.381826098	-0.245454545
324	-0.347596214	0.359411842	-0.245454545
325	-0.370826053	0.335392365	-0.245454545
326	-0.392399693	0.309874944	-0.245454545
327	-0.41222078	0.282973547	-0.245454545
328	-0.43020079	0.254808321	-0.245454545
329	-0.446259418	0.22550506	-0.245454545
330	-0.460324943	0.195194638	-0.245454545
331	-0.472334546	0.164012429	-0.245454545
332	-0.482234588	0.132097701	-0.245454545
333	-0.489980853	0.099592993	-0.245454545
334	-0.495538744	0.066643478	-0.245454545
335	-0.498883439	0.033396317	-0.245454545
336	-0.5	6.12574E-17	-0.245454545
337	0.5	0	-0.286363636
338	0.498883439	0.033396317	-0.286363636
339	0.495538744	0.066643478	-0.286363636
340	0.489980853	0.099592993	-0.286363636
341	0.482234588	0.132097701	-0.286363636
342	0.472334546	0.164012429	-0.286363636
343	0.460324943	0.195194638	-0.286363636
344	0.446259418	0.22550506	-0.286363636
345	0.43020079	0.254808321	-0.286363636
346	0.41222078	0.282973547	-0.286363636
347	0.392399693	0.309874944	-0.286363636
348	0.370826053	0.335392365	-0.286363636
349	0.347596214	0.359411842	-0.286363636
350	0.322813926	0.381826098	-0.286363636
351	0.296589872	0.402535027	-0.286363636
352	0.269041177	0.421446136	-0.286363636
353	0.240290878	0.438474964	-0.286363636
354	0.210467381	0.453545457	-0.286363636
355	0.179703886	0.466590306	-0.286363636
356	0.14813779	0.477551249	-0.286363636
357	0.115910075	0.486379332	-0.286363636
358	0.083164677	0.493035127	-0.286363636
359	0.050047846	0.497488908	-0.286363636
360	0.016707489	0.499720782	-0.286363636
361	-0.016707489	0.499720782	-0.286363636
362	-0.050047846	0.497488908	-0.286363636
363	-0.083164677	0.493035127	-0.286363636
364	-0.115910075	0.486379332	-0.286363636
365	-0.14813779	0.477551249	-0.286363636
366	-0.179703886	0.466590306	-0.286363636
367	-0.210467381	0.453545457	-0.286363636
368	-0.240290878	0.438474964	-0.286363636
369	-0.269041177	0.421446136	-0.286363636
370	-0.296589872	0.402535027	-0.286363636
371	-0.322813926	0.381826098	-0.286363636
372	-0.347596214	0.359411842	-0.286363636
373	-0.370826053	0.335392365	-0.286363636
374	-0.392399693	0.309874944	-0.286363636
375	-0.41222078	0.282973547	-0.286363636
376	-0.43020079	0.254808321	-0.286363636
377	-0.446259418	0.22550506	-0.286363636
378	-0.460324943	0.195194638	-0.286363636
379	-0.472334546	0.164012429	-0.286363636
380	-0.482234588	0.132097701	-0.286363636
381	-0.489980853	0.099592993	-0.286363636
382	-0.495538744	0.066643478	-0.286363636
383	-0.498883439	0.033396317	-0.286363636
384	-0.5	6.12574E-17	-0.286363636
385	0.5	0	-0.327272727
386	0.498883439	0.033396317	-0.327272727
387	0.495538744	0.066643478	-0.327272727
388	0.489980853	0.099592993	-0.327272727
389	0.482234588	0.132097701	-0.327272727
390	0.472334546	0.164012429	-0.327272727
391	0.460324943	0.195194638	-0.327272727
392	0.446259418	0.22550506	-0.327272727
393	0.43020079	0.254808321	-0.327272727
394	0.41222078	0.282973547	-0.327272727
395	0.392399693	0.309874944	-0.327272727
396	0.370826053	0.335392365	-0.327272727
397	0.347596214	0.359411842	-0.327272727
398	0.322813926	0.381826098	-0.327272727
399	0.296589872	0.402535027	-0.327272727
400	0.269041177	0.421446136	-0.327272727
401	0.240290878	0.438474964	-0.327272727
402	0.210467381	0.453545457	-0.327272727
403	0.179703886	0.466590306	-0.327272727
404	0.14813779	0.477551249	-0.327272727
405	0.115910075	0.486379332	-0.327272727
406	0.083164677	0.493035127	-0.327272727
407	0.050047846	0.497488908	-0.327272727
408	0.016707489	0.499720782	-0.327272727
409	-0.016707489	0.499720782	-0.327272727
410	-0.050047846	0.497488908	-0.327272727
411	-0.083164677	0.493035127	-0.327272727
412	-0.115910075	0.486379332	-0.327272727
413	-0.14813779	0.477551249	-0.327272727
414	-0.179703886	0.466590306	-0.327272727
415	-0.210467381	0.453545457	-0.327272727
416	-0.240290878	0.438474964	-0.327272727
417	-0.269041177	0.421446136	-0.327272727
418	-0.296589872	0.402535027	-0.327272727
419	-0.322813926	0.381826098	-0.327272727
420	-0.347596214	0.359411842	-0.327272727
421	-0.370826053	0.335392365	-0.327272727
422	-0.392399693	0.309874944	-0.327272727
423	-0.41222078	0.282973547	-0.327272727
424	-0.43020079	0.254808321	-0.327272727
425	-0.446259418	0.22550506	-0.327272727
426	-0.460324943	0.195194638	-0.327272727
427	-0.472334546	0.164012429	-0.327272727
428	-0.482234588	0.132097701	-0.327272727
429	-0.489980853	0.099592993	-0.327272727
430	-0.495538744	0.066643478	-0.327272727
431	-0.498883439	0.033396317	-0.327272727
432	-0.5	6.12574E-17	-0.327272727
433	0.5	0	-0.368181818
434	0.498883439	0.033396317	-0.368181818
435	0.495538744	0.066643478	-0.368181818
436	0.489980853	0.099592993	-0.368181818
437	0.482234588	0.132097701	-0.368181818
438	0.472334546	0.164012429	-0.368181818
439	0.460324943	0.195194638	-0.368181818
440	0.446259418	0.22550506	-0.368181818
441	0.43020079	0.254808321	-0.368181818
442	0.41222078	0.282973547	-0.368181818
443	0.392399693	0.309874944	-0.368181818
444	0.370826053	0.335392365	-0.368181818
445	0.347596214	0.359411842	-0.368181818
446	0.322813926	0.381826098	-0.368181818
447	0.296589872	0.402535027	-0.368181818
448	0.269041177	0.421446136	-0.368181818
449	0.240290878	0.438474964	-0.368181818
450	0.210467381	0.453545457	-0.368181818
451	0.179703886	0.466590306	-0.368181818
452	0.14813779	0.477551249	-0.368181818
453	0.115910075	0.486379332	-0.368181818
454	0.083164677	0.493035127	-0.368181818
455	0.050047846	0.497488908	-0.368181818
456	0.016707489	0.499720782	-0.368181818
457	-0.016707489	0.499720782	-0.368181818
458	-0.050047846	0.497488908	-0.368181818
459	-0.083164677	0.493035127	-0.368181818
460	-0.115910075	0.486379332	-0.368181818
461	-0.14813779	0.477551249	-0.368181818
462	-0.179703886	0.466590306	-0.368181818
463	-0.210467381	0.453545457	-0.368181818
464	-0.240290878	0.438474964	-0.368181818
465	-0.269041177	0.421446136	-0.368181818
466	-0.296589872	0.402535027	-0.368181818
467	-0.322813926	0.381826098	-0.368181818
468	-0.347596214	0.359411842	-0.368181818
469	-0.370826053	0.335392365	-0.368181818
470	-0.392399693	0.309874944	-0.368181818
471	-0.41222078	0.282973547	-0.368181818
472	-0.43020079	0.254808321	-0.368181818
473	-0.446259418	0.22550506	-0.368181818
474	-0.460324943	0.195194638	-0.368181818
475	-0.472334546	0.164012429	-0.368181818
476	-0.482234588	0.132097701	-0.368181818
477	-0.489980853	0.099592993	-0.368181818
478	-0.495538744	0.066643478	-0.368181818
479	-0.498883439	0.033396317	-0.368181818
480	-0.5	6.12574E-17	-0.368181818
481	0.5	0	-0.409090909
482	0.498883439	0.033396317	-0.409090909
483	0.495538744	0.066643478	-0.409090909
484	0.489980853	0.099592993	-0.409090909
485	0.482234588	0.132097701	-0.409090909
486	0.472334546	0.164012429	-0.409090909
487	0.460324943	0.195194638	-0.409090909
488	0.446259418	0.22550506	-0.409090909
489	0.43020079	0.254808321	-0.409090909
490	0.41222078	0.282973547	-0.409090909
491	0.392399693	0.309874944	-0.409090909
492	0.370826053	0.335392365	-0.409090909
493	0.347596214	0.359411842	-0.409090909
494	0.322813926	0.381826098	-0.409090909
495	0.296589872	0.402535027	-0.409090909
496	0.269041177	0.421446136	-0.409090909
497	0.240290878	0.438474964	-0.409090909
498	0.210467381	0.453545457	-0.409090909
499	0.179703886	0.466590306	-0.409090909
500	0.14813779	0.477551249	-0.409090909
501	0.115910075	0.486379332	-0.409090909
502	0.083164677	0.493035127	-0.409090909
503	0.050047846	0.497488908	-0.409090909
504	0.016707489	0.499720782	-0.409090909
505	-0.016707489	0.499720782	-0.409090909
506	-0.050047846	0.497488908	-0.409090909
507	-0.083164677	0.493035127	-0.409090909
508	-0.115910075	0.486379332	-0.409090909
509	-0.14813779	0.477551249	-0.409090909
510	-0.179703886	0.466590306	-0.409090909
511	-0.210467381	0.453545457	-0.409090909
512	-0.240290878	0.438474964	-0.409090909
513	-0.269041177	0.421446136	-0.409090909
514	-0.296589872	0.402535027	-0.409090909
515	-0.322813926	0.381826098	-0.409090909
516	-0.347596214	0.359411842	-0.409090909
517	-0.370826053	0.335392365	-0.409090909
518	-0.392399693	0.309874944	-0.409090909
519	-0.41222078	0.282973547	-0.409090909
520	-0.43020079	0.254808321	-0.409090909
521	-0.446259418	0.22550506	-0.409090909
522	-0.460324943	0.195194638	-0.409090909
523	-0.472334546	0.164012429	-0.409090909
524	-0.482234588	0.132097701	-0.409090909
525	-0.489980853	0.099592993	-0.409090909
526	-0.495538744	0.066643478	-0.409090909
527	-0.498883439	0.033396317	-0.409090909
528	-0.5	6.12574E-17	-0.409090909
529	0.5	0	-0.45
530	0.498883439	0.033396317	-0.45
531	0.495538744	0.066643478	-0.45
532	0.489980853	0.099592993	-0.45
533	0.482234588	0.132097701	-0.45
534	0.472334546	0.164012429	-0.45
535	0.460324943	0.195194638	-0.45
536	0.446259418	0.22550506	-0.45
537	0.43020079	0.254808321	-0.45
538	0.41222078	0.282973547	-0.45
539	0.392399693	0.309874944	-0.45
540	0.370826053	0.335392365	-0.45
541	0.347596214	0.359411842	-0.45
542	0.322813926	0.381826098	-0.45
543	0.296589872	0.402535027	-0.45
544	0.269041177	0.421446136	-0.45
545	0.240290878	0.438474964	-0.45
546	0.210467381	0.453545457	-0.45
547	0.179703886	0.466590306	-0.45
548	0.14813779	0.477551249	-0.45
549	0.115910075	0.486379332	-0.45
550	0.083164677	0.493035127	-0.45
551	0.050047846	0.497488908	-0.45
552	0.016707489	0.499720782	-0.45
553	-0.016707489	0.499720782	-0.45
554	-0.050047846	0.497488908	-0.45
555	-0.083164677	0.493035127	-0.45
556	-0.115910075	0.486379332	-0.45
557	-0.14813779	0.477551249	-0.45
558	-0.179703886	0.466590306	-0.45
559	-0.210467381	0.453545457	-0.45
560	-0.240290878	0.438474964	-0.45
561	-0.269041177	0.421446136	-0.45
562	-0.296589872	0.402535027	-0.45
563	-0.322813926	0.381826098	-0.45
564	-0.347596214	0.359411842	-0.45
565	-0.370826053	0.335392365	-0.45
566	-0.392399693	0.309874944	-0.45
567	-0.41222078	0.282973547	-0.45
568	-0.43020079	0.254808321	-0.45
569	-0.446259418	0.22550506	-0.45
570	-0.460324943	0.195194638	-0.45
571	-0.472334546	0.164012429	-0.45
572	-0.482234588	0.132097701	-0.45
573	-0.489980853	0.099592993	-0.45
574	-0.495538744	0.066643478	-0.45
575	-0.498883439	0.033396317	-0.45
576	-0.5	6.12574E-17	-0.45
577	0.5	0	-0.490909091
578	0.498883439	0.033396317	-0.490909091
579	0.495538744	0.066643478	-0.490909091
580	0.489980853	0.099592993	-0.490909091
581	0.482234588	0.132097701	-0.490909091
582	0.472334546	0.164012429	-0.490909091
583	0.460324943	0.195194638	-0.490909091
584	0.446259418	0.22550506	-0.490909091
585	0.43020079	0.254808321	-0.490909091
586	0.41222078	0.282973547	-0.490909091
587	0.392399693	0.309874944	-0.490909091
588	0.370826053	0.335392365	-0.490909091
589	0.347596214	0.359411842	-0.490909091
590	0.322813926	0.381826098	-0.490909091
591	0.296589872	0.402535027	-0.490909091
592	0.269041177	0.421446136	-0.490909091
593	0.240290878	0.438474964	-0.490909091
594	0.210467381	0.453545457	-0.490909091
595	0.179703886	0.466590306	-0.490909091
596	0.14813779	0.477551249	-0.490909091
597	0.115910075	0.486379332	-0.490909091
598	0.083164677	0.493035127	-0.490909091
599	0.050047846	0.497488908	-0.490909091
600	0.016707489	0.499720782	-0.490909091
601	-0.016707489	0.499720782	-0.490909091
602	-0.050047846	0.497488908	-0.490909091
603	-0.083164677	0.493035127	-0.490909091
604	-0.115910075	0.486379332	-0.490909091
605	-0.14813779	0.477551249	-0.490909091
606	-0.179703886	0.466590306	-0.490909091
607	-0.210467381	0.453545457	-0.490909091
608	-0.240290878	0.438474964	-0.490909091
609	-0.269041177	0.421446136	-0.490909091
610	-0.296589872	0.402535027	-0.490909091
611	-0.322813926	0.381826098	-0.490909091
612	-0.347596214	0.359411842	-0.490909091
613	-0.370826053	0.335392365	-0.490909091
614	-0.392399693	0.309874944	-0.490909091
615	-0.41222078	0.282973547	-0.490909091
616	-0.43020079	0.254808321	-0.490909091
617	-0.446259418	0.22550506	-0.490909091
618	-0.460324943	0.195194638	-0.490909091
619	-0.472334546	0.164012429	-0.490909091
620	-0.482234588	0.132097701	-0.490909091
621	-0.489980853	0.099592993	-0.490909091
622	-0.495538744	0.066643478	-0.490909091
623	-0.498883439	0.033396317	-0.490909091
624	-0.5	6.12574E-17	-0.490909091
625	0.5	0	-0.531818182
626	0.498883439	0.033396317	-0.531818182
627	0.495538744	0.066643478	-0.531818182
628	0.489980853	0.099592993	-0.531818182
629	0.482234588	0.132097701	-0.531818182
630	0.472334546	0.164012429	-0.531818182
631	0.460324943	0.195194638	-0.531818182
632	0.446259418	0.22550506	-0.531818182
633	0.43020079	0.254808321	-0.531818182
634	0.41222078	0.282973547	-0.531818182
635	0.392399693	0.309874944	-0.531818182
636	0.370826053	0.335392365	-0.531818182
637	0.347596214	0.359411842	-0.531818182
638	0.322813926	0.381826098	-0.531818182
639	0.296589872	0.402535027	-0.531818182
640	0.269041177	0.421446136	-0.531818182
641	0.240290878	0.438474964	-0.531818182
642	0.210467381	0.453545457	-0.531818182
643	0.179703886	0.466590306	-0.531818182
644	0.14813779	0.477551249	-0.531818182
645	0.115910075	0.486379332	-0.531818182
646	0.083164677	0.493035127	-0.531818182
647	0.050047846	0.497488908	-0.531818182
648	0.016707489	0.499720782	-0.531818182
649	-0.016707489	0.499720782	-0.531818182
650	-0.050047846	0.497488908	-0.531818182
651	-0.083164677	0.493035127	-0.531818182
652	-0.115910075	0.486379332	-0.531818182
653	-0.14813779	0.477551249	-0.531818182
654	-0.179703886	0.466590306	-0.531818182
655	-0.210467381	0.453545457	-0.531818182
656	-0.240290878	0.438474964	-0.531818182
657	-0.269041177	0.421446136	-0.531818182
658	-0.296589872	0.402535027	-0.531818182
659	-0.322813926	0.381826098	-0.531818182
660	-0.347596214	0.359411842	-0.531818182
661	-0.370826053	0.335392365	-0.531818182
662	-0.392399693	0.309874944	-0.531818182
663	-0.41222078	0.282973547	-0.531818182
664	-0.43020079	0.254808321	-0.531818182
665	-0.446259418	0.22550506	-0.531818182
666	-0.460324943	0.195194638	-0.531818182
667	-0.472334546	0.164012429	-0.531818182
668	-0.482234588	0.132097701	-0.531818182
669	-0.489980853	0.099592993	-0.531818182
670	-0.495538744	0.066643478	-0.531818182
671	-0.498883439	0.033396317	-0.531818182
672	-0.5	6.12574E-17	-0.531818182
673	0.5	0	-0.572727273
674	0.498883439	0.033396317	-0.572727273
675	0.495538744	0.066643478	-0.572727273
676	0.489980853	0.099592993	-0.572727273
677	0.482234588	0.132097701	-0.572727273
678	0.472334546	0.164012429	-0.572727273
679	0.460324943	0.195194638	-0.572727273
680	0.446259418	0.22550506	-0.572727273
681	0.43020079	0.254808321	-0.572727273
682	0.41222078	0.282973547	-0.572727273
683	0.392399693	0.309874944	-0.572727273
684	0.370826053	0.335392365	-0.572727273
685	0.347596214	0.359411842	-0.572727273
686	0.322813926	0.381826098	-0.572727273
687	0.296589872	0.402535027	-0.572727273
688	0.269041177	0.421446136	-0.572727273
689	0.240290878	0.438474964	-0.572727273
690	0.210467381	0.453545457	-0.572727273
691	0.179703886	0.466590306	-0.572727273
692	0.14813779	0.477551249	-0.572727273
693	0.115910075	0.486379332	-0.572727273
694	0.083164677	0.493035127	-0.572727273
695	0.050047846	0.497488908	-0.572727273
696	0.016707489	0.499720782	-0.572727273
697	-0.016707489	0.499720782	-0.572727273
698	-0.050047846	0.497488908	-0.572727273
699	-0.083164677	0.493035127	-0.572727273
700	-0.115910075	0.486379332	-0.572727273
701	-0.14813779	0.477551249	-0.572727273
702	-0.179703886	0.466590306	-0.572727273
703	-0.210467381	0.453545457	-0.572727273
704	-0.240290878	0.438474964	-0.572727273
705	-0.269041177	0.421446136	-0.572727273
706	-0.296589872	0.402535027	-0.572727273
707	-0.322813926	0.381826098	-0.572727273
708	-0.347596214	0.359411842	-0.572727273
709	-0.370826053	0.335392365	-0.572727273
710	-0.392399693	0.309874944	-0.572727273
711	-0.41222078	0.282973547	-0.572727273
712	-0.43020079	0.254808321	-0.572727273
713	-0.446259418	0.22550506	-0.572727273
714	-0.460324943	0.195194638	-0.572727273
715	-0.472334546	0.164012429	-0.572727273
716	-0.482234588	0.132097701	-0.572727273
717	-0.489980853	0.099592993	-0.572727273
718	-0.495538744	0.066643478	-0.572727273
719	-0.498883439	0.033396317	-0.572727273
720	-0.5	6.12574E-17	-0.572727273
721	0.5	0	-0.613636364
722	0.498883439	0.033396317	-0.613636364
723	0.495538744	0.066643478	-0.613636364
724	0.489980853	0.099592993	-0.613636364
725	0.482234588	0.132097701	-0.613636364
726	0.472334546	0.164012429	-0.613636364
727	0.460324943	0.195194638	-0.613636364
728	0.446259418	0.22550506	-0.613636364
729	0.43020079	0.254808321	-0.613636364
730	0.41222078	0.282973547	-0.613636364
731	0.392399693	0.309874944	-0.613636364
732	0.370826053	0.335392365	-0.613636364
733	0.347596214	0.359411842	-0.613636364
734	0.322813926	0.381826098	-0.613636364
735	0.296589872	0.402535027	-0.613636364
736	0.269041177	0.421446136	-0.613636364
737	0.240290878	0.438474964	-0.613636364
738	0.210467381	0.453545457	-0.613636364
739	0.179703886	0.466590306	-0.613636364
740	0.14813779	0.477551249	-0.613636364
741	0.115910075	0.486379332	-0.613636364
742	0.083164677	0.493035127	-0.613636364
743	0.050047846	0.497488908	-0.613636364
744	0.016707489	0.499720782	-0.613636364
745	-0.016707489	0.499720782	-0.613636364
746	-0.050047846	0.497488908	-0.613636364
747	-0.083164677	0.493035127	-0.613636364
748	-0.115910075	0.486379332	-0.613636364
749	-0.14813779	0.477551249	-0.613636364
750	-0.179703886	0.466590306	-0.613636364
751	-0.210467381	0.453545457	-0.613636364
752	-0.240290878	0.438474964	-0.613636364
753	-0.269041177	0.421446136	-0.613636364
754	-0.296589872	0.402535027	-0.613636364
755	-0.322813926	0.381826098	-0.613636364
756	-0.347596214	0.359411842	-0.613636364
757	-0.370826053	0.335392365	-0.613636364
758	-0.392399693	0.309874944	-0.613636364
759	-0.41222078	0.282973547	-0.613636364
760	-0.43020079	0.254808321	-0.613636364
761	-0.446259418	0.22550506	-0.613636364
762	-0.460324943	0.195194638	-0.613636364
763	-0.472334546	0.164012429	-0.613636364
764	-0.482234588	0.132097701	-0.613636364
765	-0.489980853	0.099592993	-0.613636364
766	-0.495538744	0.066643478	-0.613636364
767	-0.498883439	0.033396317	-0.613636364
768	-0.5	6.12574E-17	-0.613636364
769	0.5	0	-0.654545455
770	0.498883439	0.033396317	-0.654545455
771	0.495538744	0.066643478	-0.654545455
772	0.489980853	0.099592993	-0.654545455
773	0.482234588	0.132097701	-0.654545455
774	0.472334546	0.164012429	-0.654545455
775	0.460324943	0.195194638	-0.654545455
776	0.446259418	0.22550506	-0.654545455
777	0.43020079	0.254808321	-0.654545455
778	0.41222078	0.282973547	-0.654545455
779	0.392399693	0.309874944	-0.654545455
780	0.370826053	0.335392365	-0.654545455
781	0.347596214	0.359411842	-0.654545455
782	0.322813926	0.381826098	-0.654545455
783	0.296589872	0.402535027	-0.654545455
784	0.269041177	0.421446136	-0.654545455
785	0.240290878	0.438474964	-0.654545455
786	0.210467381	0.453545457	-0.654545455
787	0.179703886	0.466590306	-0.654545455
788	0.14813779	0.477551249	-0.654545455
789	0.115910075	0.486379332	-0.654545455
790	0.083164677	0.493035127	-0.654545455
791	0.050047846	0.497488908	-0.654545455
792	0.016707489	0.499720782	-0.654545455
793	-0.016707489	0.499720782	-0.654545455
794	-0.050047846	0.497488908	-0.654545455
795	-0.083164677	0.493035127	-0.654545455
796	-0.115910075	0.486379332	-0.654545455
797	-0.14813779	0.477551249	-0.654545455
798	-0.179703886	0.466590306	-0.654545455
799	-0.210467381	0.453545457	-0.654545455
800	-0.240290878	0.438474964	-0.654545455
801	-0.269041177	0.421446136	-0.654545455
802	-0.296589872	0.402535027	-0.654545455
803	-0.322813926	0.381826098	-0.654545455
804	-0.347596214	0.359411842	-0.654545455
805	-0.370826053	0.335392365	-0.654545455
806	-0.392399693	0.309874944	-0.654545455
807	-0.41222078	0.282973547	-0.654545455
808	-0.43020079	0.254808321	-0.654545455
809	-0.446259418	0.22550506	-0.654545455
810	-0.460324943	0.195194638	-0.654545455
811	-0.472334546	0.164012429	-0.654545455
812	-0.482234588	0.132097701	-0.654545455
813	-0.489980853	0.099592993	-0.654545455
814	-0.495538744	0.066643478	-0.654545455
815	-0.498883439	0.033396317	-0.654545455
816	-0.5	6.12574E-17	-0.654545455
817	0.5	0	-0.695454545
818	0.498883439	0.033396317	-0.695454545
819	0.495538744	0.066643478	-0.695454545
820	0.489980853	0.099592993	-0.695454545
821	0.482234588	0.132097701	-0.695454545
822	0.472334546	0.164012429	-0.695454545
823	0.460324943	0.195194638	-0.695454545
824	0.446259418	0.22550506	-0.695454545
825	0.43020079	0.254808321	-0.695454545
826	0.41222078	0.282973547	-0.695454545
827	0.392399693	0.309874944	-0.695454545
828	0.370826053	0.335392365	-0.695454545
829	0.347596214	0.359411842	-0.695454545
830	0.322813926	0.381826098	-0.695454545
831	0.296589872	0.402535027	-0.695454545
832	0.269041177	0.421446136	-0.695454545
833	0.240290878	0.438474964	-0.695454545
834	0.210467381	0.453545457	-0.695454545
835	0.179703886	0.466590306	-0.695454545
836	0.14813779	0.477551249	-0.695454545
837	0.115910075	0.486379332	-0.695454545
838	0.083164677	0.493035127	-0.695454545
839	0.050047846	0.497488908	-0.695454545
840	0.016707489	0.499720782	-0.695454545
841	-0.016707489	0.499720782	-0.695454545
842	-0.050047846	0.497488908	-0.695454545
843	-0.083164677	0.493035127	-0.695454545
844	-0.115910075	0.486379332	-0.695454545
845	-0.14813779	0.477551249	-0.695454545
846	-0.179703886	0.466590306	-0.695454545
847	-0.210467381	0.453545457	-0.695454545
848	-0.240290878	0.438474964	-0.695454545
849	-0.269041177	0.421446136	-0.695454545
850	-0.296589872	0.402535027	-0.695454545
851	-0.322813926	0.381826098	-0.695454545
852	-0.347596214	0.359411842	-0.695454545
853	-0.370826053	0.335392365	-0.695454545
854	-0.392399693	0.309874944	-0.695454545
855	-0.41222078	0.282973547	-0.695454545
856	-0.43020079	0.254808321	-0.695454545
857	-0.446259418	0.22550506	-0.695454545
858	-0.460324943	0.195194638	-0.695454545
859	-0.472334546	0.164012429	-0.695454545
860	-0.482234588	0.132097701	-0.695454545
861	-0.489980853	0.099592993	-0.695454545
862	-0.495538744	0.066643478	-0.695454545
863	-0.498883439	0.033396317	-0.695454545
864	-0.5	6.12574E-17	-0.695454545
865	0.5	0	-0.736363636
866	0.498883439	0.033396317	-0.736363636
867	0.495538744	0.066643478	-0.736363636
868	0.489980853	0.099592993	-0.736363636
869	0.482234588	0.132097701	-0.736363636
870	0.472334546	0.164012429	-0.736363636
871	0.460324943	0.195194638	-0.736363636
872	0.446259418	0.22550506	-0.736363636
873	0.43020079	0.254808321	-0.736363636
874	0.41222078	0.282973547	-0.736363636
875	0.392399693	0.309874944	-0.736363636
876	0.370826053	0.335392365	-0.736363636
877	0.347596214	0.359411842	-0.736363636
878	0.322813926	0.381826098	-0.736363636
879	0.296589872	0.402535027	-0.736363636
880	0.269041177	0.421446136	-0.736363636
881	0.240290878	0.438474964	-0.736363636
882	0.210467381	0.453545457	-0.736363636
883	0.179703886	0.466590306	-0.736363636
884	0.14813779	0.477551249	-0.736363636
885	0.115910075	0.486379332	-0.736363636
886	0.083164677	0.493035127	-0.736363636
887	0.050047846	0.497488908	-0.736363636
888	0.016707489	0.499720782	-0.736363636
889	-0.016707489	0.499720782	-0.736363636
890	-0.050047846	0.497488908	-0.736363636
891	-0.083164677	0.493035127	-0.736363636
892	-0.115910075	0.486379332	-0.736363636
893	-0.14813779	0.477551249	-0.736363636
894	-0.179703886	0.466590306	-0.736363636
895	-0.210467381	0.453545457	-0.736363636
896	-0.240290878	0.438474964	-0.736363636
897	-0.269041177	0.421446136	-0.736363636
898	-0.296589872	0.402535027	-0.736363636
899	-0.322813926	0.381826098	-0.736363636
900	-0.347596214	0.359411842	-0.736363636
901	-0.370826053	0.335392365	-0.736363636
902	-0.392399693	0.309874944	-0.736363636
903	-0.41222078	0.282973547	-0.736363636
904	-0.43020079	0.254808321	-0.736363636
905	-0.446259418	0.22550506	-0.736363636
906	-0.460324943	0.195194638	-0.736363636
907	-0.472334546	0.164012429	-0.736363636
908	-0.482234588	0.132097701	-0.736363636
909	-0.489980853	0.099592993	-0.736363636
910	-0.495538744	0.066643478	-0.736363636
911	-0.498883439	0.033396317	-0.736363636
912	-0.5	6.12574E-17	-0.736363636
913	0.5	0	-0.777272727
914	0.498883439	0.033396317	-0.777272727
915	0.495538744	0.066643478	-0.777272727
916	0.489980853	0.099592993	-0.777272727
917	0.482234588	0.132097701	-0.777272727
918	0.472334546	0.164012429	-0.777272727
919	0.460324943	0.195194638	-0.777272727
920	0.446259418	0.22550506	-0.777272727
921	0.43020079	0.254808321	-0.777272727
922	0.41222078	0.282973547	-0.777272727
923	0.392399693	0.309874944	-0.777272727
924	0.370826053	0.335392365	-0.777272727
925	0.347596214	0.359411842	-0.777272727
926	0.322813926	0.381826098	-0.777272727
927	0.296589872	0.402535027	-0.777272727
928	0.269041177	0.421446136	-0.777272727
929	0.240290878	0.438474964	-0.777272727
930	0.210467381	0.453545457	-0.777272727
931	0.179703886	0.466590306	-0.777272727
932	0.14813779	0.477551249	-0.777272727
933	0.115910075	0.486379332	-0.777272727
934	0.083164677	0.493035127	-0.777272727
935	0.050047846	0.497488908	-0.777272727
936	0.016707489	0.499720782	-0.777272727
937	-0.016707489	0.499720782	-0.777272727
938	-0.050047846	0.497488908	-0.777272727
939	-0.083164677	0.493035127	-0.777272727
940	-0.115910075	0.486379332	-0.777272727
941	-0.14813779	0.477551249	-0.777272727
942	-0.179703886	0.466590306	-0.777272727
943	-0.210467381	0.453545457	-0.777272727
944	-0.240290878	0.438474964	-0.777272727
945	-0.269041177	0.421446136	-0.777272727
946	-0.296589872	0.402535027	-0.777272727
947	-0.322813926	0.381826098	-0.777272727
948	-0.347596214	0.359411842	-0.777272727
949	-0.370826053	0.335392365	-0.777272727
950	-0.392399693	0.309874944	-0.777272727
951	-0.41222078	0.282973547	-0.777272727
952	-0.43020079	0.254808321	-0.777272727
953	-0.446259418	0.22550506	-0.777272727
954	-0.460324943	0.195194638	-0.777272727
955	-0.472334546	0.164012429	-0.777272727
956	-0.482234588	0.132097701	-0.777272727
957	-0.489980853	0.099592993	-0.777272727
958	-0.495538744	0.066643478	-0.777272727
959	-0.498883439	0.033396317	-0.777272727
960	-0.5	6.12574E-17	-0.777272727
961	0.5	0	-0.818181818
962	0.498883439	0.033396317	-0.818181818
963	0.495538744	0.066643478	-0.818181818
964	0.489980853	0.099592993	-0.818181818
965	0.482234588	0.132097701	-0.818181818
966	0.472334546	0.164012429	-0.818181818
967	0.460324943	0.195194638	-0.818181818
968	0.446259418	0.22550506	-0.818181818
969	0.43020079	0.254808321	-0.818181818
970	0.41222078	0.282973547	-0.818181818
971	0.392399693	0.309874944	-0.818181818
972	0.370826053	0.335392365	-0.818181818
973	0.347596214	0.359411842	-0.818181818
974	0.322813926	0.381826098	-0.818181818
975	0.296589872	0.402535027	-0.818181818
976	0.269041177	0.421446136	-0.818181818
977	0.240290878	0.438474964	-0.818181818
978	0.210467381	0.453545457	-0.818181818
979	0.179703886	0.466590306	-0.818181818
980	0.14813779	0.477551249	-0.818181818
981	0.115910075	0.486379332	-0.818181818
982	0.083164677	0.493035127	-0.818181818
983	0.050047846	0.497488908	-0.818181818
984	0.016707489	0.499720782	-0.818181818
985	-0.016707489	0.499720782	-0.818181818
986	-0.050047846	0.497488908	-0.818181818
987	-0.083164677	0.493035127	-0.818181818
988	-0.115910075	0.486379332	-0.818181818
989	-0.14813779	0.477551249	-0.818181818
990	-0.179703886	0.466590306	-0.818181818
991	-0.210467381	0.453545457	-0.818181818
992	-0.240290878	0.438474964	-0.818181818
993	-0.269041177	0.421446136	-0.818181818
994	-0.296589872	0.402535027	-0.818181818
995	-0.322813926	0.381826098	-0.818181818
996	-0.347596214	0.359411842	-0.818181818
997	-0.370826053	0.335392365	-0.818181818
998	-0.392399693	0.309874944	-0.818181818
999	-0.41222078	0.282973547	-0.818181818
1000	-0.43020079	0.254808321	-0.818181818
1001	-0.446259418	0.22550506	-0.818181818
1002	-0.460324943	0.195194638	-0.818181818
1003	-0.472334546	0.164012429	-0.818181818
1004	-0.482234588	0.132097701	-0.818181818
1005	-0.489980853	0.099592993	-0.818181818
1006	-0.495538744	0.066643478	-0.818181818
1007	-0.498883439	0.033396317	-0.818181818
1008	-0.5	6.12574E-17	-0.818181818
1009	0.5	0	-0.859090909
1010	0.498883439	0.033396317	-0.859090909
1011	0.495538744	0.066643478	-0.859090909
1012	0.489980853	0.099592993	-0.859090909
1013	0.482234588	0.132097701	-0.859090909
1014	0.472334546	0.164012429	-0.859090909
1015	0.460324943	0.195194638	-0.859090909
1016	0.446259418	0.22550506	-0.859090909
1017	0.43020079	0.254808321	-0.859090909
1018	0.41222078	0.282973547	-0.859090909
1019	0.392399693	0.309874944	-0.859090909
1020	0.370826053	0.335392365	-0.859090909
1021	0.347596214	0.359411842	-0.859090909
1022	0.322813926	0.381826098	-0.859090909
1023	0.296589872	0.402535027	-0.859090909
1024	0.269041177	0.421446136	-0.859090909
1025	0.240290878	0.438474964	-0.859090909
1026	0.210467381	0.453545457	-0.859090909
1027	0.179703886	0.466590306	-0.859090909
1028	0.14813779	0.477551249	-0.859090909
1029	0.115910075	0.486379332	-0.859090909
1030	0.083164677	0.493035127	-0.859090909
1031	0.050047846	0.497488908	-0.859090909
1032	0.016707489	0.499720782	-0.859090909
1033	-0.016707489	0.499720782	-0.859090909
1034	-0.050047846	0.497488908	-0.859090909
1035	-0.083164677	0.493035127	-0.859090909
1036	-0.115910075	0.486379332	-0.859090909
1037	-0.14813779	0.477551249	-0.859090909
1038	-0.179703886	0.466590306	-0.859090909
1039	-0.210467381	0.453545457	-0.859090909
1040	-0.240290878	0.438474964	-0.859090909
1041	-0.269041177	0.421446136	-0.859090909
1042	-0.296589872	0.402535027	-0.859090909
1043	-0.322813926	0.381826098	-0.859090909
1044	-0.347596214	0.359411842	-0.859090909
1045	-0.370826053	0.335392365	-0.859090909
1046	-0.392399693	0.309874944	-0.859090909
1047	-0.41222078	0.282973547	-0.859090909
1048	-0.43020079	0.254808321	-0.859090909
1049	-0.446259418	0.22550506	-0.859090909
1050	-0.460324943	0.195194638	-0.859090909
1051	-0.472334546	0.164012429	-0.859090909
1052	-0.482234588	0.132097701	-0.859090909
1053	-0.489980853	0.099592993	-0.859090909
1054	-0.495538744	0.066643478	-0.859090909
1055	-0.498883439	0.033396317	-0.859090909
1056	-0.5	6.12574E-17	-0.859090909
1057	0.5	0	-0.9
1058	0.498883439	0.033396317	-0.9
1059	0.495538744	0.066643478	-0.9
1060	0.489980853	0.099592993	-0.9
1061	0.482234588	0.132097701	-0.9
1062	0.472334546	0.164012429	-0.9
1063	0.460324943	0.195194638	-0.9
1064	0.446259418	0.22550506	-0.9
1065	0.43020079	0.254808321	-0.9
1066	0.41222078	0.282973547	-0.9
1067	0.392399693	0.309874944	-0.9
1068	0.370826053	0.335392365	-0.9
1069	0.347596214	0.359411842	-0.9
1070	0.322813926	0.381826098	-0.9
1071	0.296589872	0.402535027	-0.9
1072	0.269041177	0.421446136	-0.9
1073	0.240290878	0.438474964	-0.9
1074	0.210467381	0.453545457	-0.9
1075	0.179703886	0.466590306	-0.9
1076	0.14813779	0.477551249	-0.9
1077	0.115910075	0.486379332	-0.9
1078	0.083164677	0.493035127	-0.9
1079	0.050047846	0.497488908	-0.9
1080	0.016707489	0.499720782	-0.9
1081	-0.016707489	0.499720782	-0.9
1082	-0.050047846	0.497488908	-0.9
1083	-0.083164677	0.493035127	-0.9
1084	-0.115910075	0.486379332	-0.9
1085	-0.14813779	0.477551249	-0.9
1086	-0.179703886	0.466590306	-0.9
1087	-0.210467381	0.453545457	-0.9
1088	-0.240290878	0.438474964	-0.9
1089	-0.269041177	0.421446136	-0.9
1090	-0.296589872	0.402535027	-0.9
1091	-0.322813926	0.381826098	-0.9
1092	-0.347596214	0.359411842	-0.9
1093	-0.370826053	0.335392365	-0.9
1094	-0.392399693	0.309874944	-0.9
1095	-0.41222078	0.282973547	-0.9
1096	-0.43020079	0.254808321	-0.9
1097	-0.446259418	0.22550506	-0.9
1098	-0.460324943	0.195194638	-0.9
1099	-0.472334546	0.164012429	-0.9
1100	-0.482234588	0.132097701	-0.9
1101	-0.489980853	0.099592993	-0.9
1102	-0.495538744	0.066643478	-0.9
1103	-0.498883439	0.033396317	-0.9
1104	-0.5	6.12574E-17	-0.9
1105	0.454545455	0	-0.9
1106	0.453530399	0.030360288	-0.9
1107	0.450489767	0.06058498	-0.9
1108	0.445437139	0.090539084	-0.9
1109	0.43839508	0.120088819	-0.9
1110	0.429395042	0.149102208	-0.9
1111	0.418477221	0.177449671	-0.9
1112	0.40569038	0.2050046	-0.9
1113	0.391091627	0.231643928	-0.9
1114	0.374746164	0.257248679	-0.9
1115	0.356726993	0.281704495	-0.9
1116	0.337114593	0.30490215	-0.9
1117	0.315996558	0.326738038	-0.9
1118	0.293467205	0.347114635	-0.9
1119	0.269627157	0.365940933	-0.9
1120	0.244582888	0.383132851	-0.9
1121	0.218446252	0.398613604	-0.9
1122	0.191333983	0.412314052	-0.9
1123	0.163367169	0.424173005	-0.9
1124	0.134670719	0.434137499	-0.9
1125	0.105372796	0.442163029	-0.9
1126	0.075604252	0.448213752	-0.9
1127	0.045498042	0.452262643	-0.9
1128	0.015188626	0.45429162	-0.9
1129	-0.015188626	0.45429162	-0.9
1130	-0.045498042	0.452262643	-0.9
1131	-0.075604252	0.448213752	-0.9
1132	-0.105372796	0.442163029	-0.9
1133	-0.134670719	0.434137499	-0.9
1134	-0.163367169	0.424173005	-0.9
1135	-0.191333983	0.412314052	-0.9
1136	-0.218446252	0.398613604	-0.9
1137	-0.244582888	0.383132851	-0.9
1138	-0.269627157	0.365940933	-0.9
1139	-0.293467205	0.347114635	-0.9
1140	-0.315996558	0.326738038	-0.9
1141	-0.337114593	0.30490215	-0.9
1142	-0.356726993	0.281704495	-0.9
1143	-0.374746164	0.257248679	-0.9
1144	-0.391091627	0.231643928	-0.9
1145	-0.40569038	0.2050046	-0.9
1146	-0.418477221	0.177449671	-0.9
1147	-0.429395042	0.149102208	-0.9
1148	-0.43839508	0.120088819	-0.9
1149	-0.445437139	0.090539084	-0.9
1150	-0.450489767	0.06058498	-0.9
1151	-0.453530399	0.030360288	-0.9
1152	-0.454545455	5.56886E-17	-0.9
1153	0.409090909	0	-0.9
1154	0.408177359	0.027324259	-0.9
1155	0.405440791	0.054526482	-0.9
1156	0.400893425	0.081485176	-0.9
1157	0.394555572	0.108079937	-0.9
1158	0.386455537	0.134191987	-0.9
1159	0.376629499	0.159704703	-0.9
1160	0.365121342	0.18450414	-0.9
1161	0.351982464	0.208479536	-0.9
1162	0.337271547	0.231523811	-0.9
1163	0.321054294	0.253534045	-0.9
1164	0.303403134	0.274411935	-0.9
1165	0.284396902	0.294064234	-0.9
1166	0.264120485	0.312403171	-0.9
1167	0.242664441	0.32934684	-0.9
1168	0.220124599	0.344819566	-0.9
1169	0.196601627	0.358752243	-0.9
1170	0.172200585	0.371082647	-0.9
1171	0.147030453	0.381755705	-0.9
1172	0.121203647	0.390723749	-0.9
1173	0.094835516	0.397946726	-0.9
1174	0.068043827	0.403392377	-0.9
1175	0.040948237	0.407036379	-0.9
1176	0.013669763	0.408862458	-0.9
1177	-0.013669763	0.408862458	-0.9
1178	-0.040948237	0.407036379	-0.9
1179	-0.068043827	0.403392377	-0.9
1180	-0.094835516	0.397946726	-0.9
1181	-0.121203647	0.390723749	-0.9
1182	-0.147030453	0.381755705	-0.9
1183	-0.172200585	0.371082647	-0.9
1184	-0.196601627	0.358752243	-0.9
1185	-0.220124599	0.344819566	-0.9
1186	-0.242664441	0.32934684	-0.9
1187	-0.264120485	0.312403171	-0.9
1188	-0.284396902	0.294064234	-0.9
1189	-0.303403134	0.274411935	-0.9
1190	-0.321054294	0.253534045	-0.9
1191	-0.337271547	0.231523811	-0.9
1192	-0.351982464	0.208479536	-0.9
1193	-0.365121342	0.18450414	-0.9
1194	-0.376629499	0.159704703	-0.9
1195	-0.386455537	0.134191987	-0.9
1196	-0.394555572	0.108079937	-0.9
1197	-0.400893425	0.081485176	-0.9
1198	-0.405440791	0.054526482	-0.9
1199	-0.408177359	0.027324259	-0.9
1200	-0.409090909	5.01197E-17	-0.9
1201	0.363636364	0	-0.9
1202	0.362824319	0.02428823	-0.9
1203	0.360391814	0.048467984	-0.9
1204	0.356349711	0.072431267	-0.9
1205	0.350716064	0.096071055	-0.9
1206	0.343516033	0.119281766	-0.9
1207	0.334781777	0.141959736	-0.9
1208	0.324552304	0.16400368	-0.9
1209	0.312873302	0.185315143	-0.9
1210	0.299796931	0.205798943	-0.9
1211	0.285381595	0.225363596	-0.9
1212	0.269691675	0.24392172	-0.9
1213	0.252797246	0.261390431	-0.9
1214	0.234773764	0.277691708	-0.9
1215	0.215701725	0.292752747	-0.9
1216	0.19566631	0.306506281	-0.9
1217	0.174757002	0.318890883	-0.9
1218	0.153067186	0.329851241	-0.9
1219	0.130693736	0.339338404	-0.9
1220	0.107736575	0.347309999	-0.9
1221	0.084298236	0.353730423	-0.9
1222	0.060483402	0.358571001	-0.9
1223	0.036398433	0.361810115	-0.9
1224	0.012150901	0.363433296	-0.9
1225	-0.012150901	0.363433296	-0.9
1226	-0.036398433	0.361810115	-0.9
1227	-0.060483402	0.358571001	-0.9
1228	-0.084298236	0.353730423	-0.9
1229	-0.107736575	0.347309999	-0.9
1230	-0.130693736	0.339338404	-0.9
1231	-0.153067186	0.329851241	-0.9
1232	-0.174757002	0.318890883	-0.9
1233	-0.19566631	0.306506281	-0.9
1234	-0.215701725	0.292752747	-0.9
1235	-0.234773764	0.277691708	-0.9
1236	-0.252797246	0.261390431	-0.9
1237	-0.269691675	0.24392172	-0.9
1238	-0.285381595	0.225363596	-0.9
1239	-0.299796931	0.205798943	-0.9
1240	-0.312873302	0.185315143	-0.9
1241	-0.324552304	0.16400368	-0.9
1242	-0.334781777	0.141959736	-0.9
1243	-0.343516033	0.119281766	-0.9
1244	-0.350716064	0.096071055	-0.9
1245	-0.356349711	0.072431267	-0.9
1246	-0.360391814	0.048467984	-0.9
1247	-0.362824319	0.02428823	-0.9
1248	-0.363636364	4.45509E-17	-0.9
1249	0.318181818	0	-0.9
1250	0.31747128	0.021252202	-0.9
1251	0.315342837	0.042409486	-0.9
1252	0.311805997	0.063377359	-0.9
1253	0.306876556	0.084062173	-0.9
1254	0.300576529	0.104371546	-0.9
1255	0.292934055	0.124214769	-0.9
1256	0.283983266	0.14350322	-0.9
1257	0.273764139	0.16215075	-0.9
1258	0.262322315	0.180074075	-0.9
1259	0.249708895	0.197193146	-0.9
1260	0.235980215	0.213431505	-0.9
1261	0.221197591	0.228716627	-0.9
1262	0.205427044	0.242980244	-0.9
1263	0.18873901	0.256158653	-0.9
1264	0.171208021	0.268192995	-0.9
1265	0.152912377	0.279029523	-0.9
1266	0.133933788	0.288619836	-0.9
1267	0.114357019	0.296921104	-0.9
1268	0.094269503	0.303896249	-0.9
1269	0.073760957	0.30951412	-0.9
1270	0.052922976	0.313749626	-0.9
1271	0.031848629	0.31658385	-0.9
1272	0.010632038	0.318004134	-0.9
1273	-0.010632038	0.318004134	-0.9
1274	-0.031848629	0.31658385	-0.9
1275	-0.052922976	0.313749626	-0.9
1276	-0.073760957	0.30951412	-0.9
1277	-0.094269503	0.303896249	-0.9
1278	-0.114357019	0.296921104	-0.9
1279	-0.133933788	0.288619836	-0.9
1280	-0.152912377	0.279029523	-0.9
1281	-0.171208021	0.268192995	-0.9
1282	-0.18873901	0.256158653	-0.9
1283	-0.205427044	0.242980244	-0.9
1284	-0.221197591	0.228716627	-0.9
1285	-0.235980215	0.213431505	-0.9
1286	-0.249708895	0.197193146	-0.9
1287	-0.262322315	0.180074075	-0.9
1288	-0.273764139	0.16215075	-0.9
1289	-0.283983266	0.14350322	-0.9
1290	-0.292934055	0.124214769	-0.9
1291	-0.300576529	0.104371546	-0.9
1292	-0.306876556	0.084062173	-0.9
1293	-0.311805997	0.063377359	-0.9
1294	-0.315342837	0.042409486	-0.9
1295	-0.31747128	0.021252202	-0.9
1296	-0.318181818	3.8982E-17	-0.9
1297	0.272727273	0	-0.9
1298	0.27211824	0.018216173	-0.9
1299	0.27029386	0.036350988	-0.9
1300	0.267262283	0.05432345	-0.9
1301	0.263037048	0.072053291	-0.9
1302	0.257637025	0.089461325	-0.9
1303	0.251086333	0.106469802	-0.9
1304	0.243414228	0.12300276	-0.9
1305	0.234654976	0.138986357	-0.9
1306	0.224847698	0.154349208	-0.9
1307	0.214036196	0.169022697	-0.9
1308	0.202268756	0.18294129	-0.9
1309	0.189597935	0.196042823	-0.9
1310	0.176080323	0.208268781	-0.9
1311	0.161776294	0.21956456	-0.9
1312	0.146749733	0.22987971	-0.9
1313	0.131067751	0.239168162	-0.9
1314	0.11480039	0.247388431	-0.9
1315	0.098020302	0.254503803	-0.9
1316	0.080802431	0.260482499	-0.9
1317	0.063223677	0.265297817	-0.9
1318	0.045362551	0.268928251	-0.9
1319	0.027298825	0.271357586	-0.9
1320	0.009113176	0.272574972	-0.9
1321	-0.009113176	0.272574972	-0.9
1322	-0.027298825	0.271357586	-0.9
1323	-0.045362551	0.268928251	-0.9
1324	-0.063223677	0.265297817	-0.9
1325	-0.080802431	0.260482499	-0.9
1326	-0.098020302	0.254503803	-0.9
1327	-0.11480039	0.247388431	-0.9
1328	-0.131067751	0.239168162	-0.9
1329	-0.146749733	0.22987971	-0.9
1330	-0.161776294	0.21956456	-0.9
1331	-0.176080323	0.208268781	-0.9
1332	-0.189597935	0.196042823	-0.9
1333	-0.202268756	0.18294129	-0.9
1334	-0.214036196	0.169022697	-0.9
1335	-0.224847698	0.154349208	-0.9
1336	-0.234654976	0.138986357	-0.9
1337	-0.243414228	0.12300276	-0.9
1338	-0.251086333	0.106469802	-0.9
1339	-0.257637025	0.089461325	-0.9
1340	-0.263037048	0.072053291	-0.9
1341	-0.267262283	0.05432345	-0.9
1342	-0.27029386	0.036350988	-0.9
1343	-0.27211824	0.018216173	-0.9
1344	-0.272727273	3.34131E-17	-0.9
1345	0.227272727	0	-0.9
1346	0.2267652	0.015180144	-0.9
1347	0.225244884	0.03029249	-0.9
1348	0.222718569	0.045269542	-0.9
1349	0.21919754	0.06004441	-0.9
1350	0.214697521	0.074551104	-0.9
1351	0.209238611	0.088724835	-0.9
1352	0.20284519	0.1025023	-0.9
1353	0.195545813	0.115821964	-0.9
1354	0.187373082	0.12862434	-0.9
1355	0.178363497	0.140852247	-0.9
1356	0.168557297	0.152451075	-0.9
1357	0.157998279	0.163369019	-0.9
1358	0.146733603	0.173557317	-0.9
1359	0.134813578	0.182970467	-0.9
1360	0.122291444	0.191566425	-0.9
1361	0.109223126	0.199306802	-0.9
1362	0.095666991	0.206157026	-0.9
1363	0.081683585	0.212086503	-0.9
1364	0.067335359	0.217068749	-0.9
1365	0.052686398	0.221081514	-0.9
1366	0.037802126	0.224106876	-0.9
1367	0.022749021	0.226131322	-0.9
1368	0.007594313	0.22714581	-0.9
1369	-0.007594313	0.22714581	-0.9
1370	-0.022749021	0.226131322	-0.9
1371	-0.037802126	0.224106876	-0.9
1372	-0.052686398	0.221081514	-0.9
1373	-0.067335359	0.217068749	-0.9
1374	-0.081683585	0.212086503	-0.9
1375	-0.095666991	0.206157026	-0.9
1376	-0.109223126	0.199306802	-0.9
1377	-0.122291444	0.191566425	-0.9
1378	-0.134813578	0.182970467	-0.9
1379	-0.146733603	0.173557317	-0.9
1380	-0.157998279	0.163369019	-0.9
1381	-0.168557297	0.152451075	-0.9
1382	-0.178363497	0.140852247	-0.9
1383	-0.187373082	0.12862434	-0.9
1384	-0.195545813	0.115821964	-0.9
1385	-0.20284519	0.1025023	-0.9
1386	-0.209238611	0.088724835	-0.9
1387	-0.214697521	0.074551104	-0.9
1388	-0.21919754	0.06004441	-0.9
1389	-0.222718569	0.045269542	-0.9
1390	-0.225244884	0.03029249	-0.9
1391	-0.2267652	0.015180144	-0.9
1392	-0.227272727	2.78443E-17	-0.9
1393	0.181818182	0	-0.9
1394	0.18141216	0.012144115	-0.9
1395	0.180195907	0.024233992	-0.9
1396	0.178174855	0.036215634	-0.9
1397	0.175358032	0.048035528	-0.9
1398	0.171758017	0.059640883	-0.9
1399	0.167390888	0.070979868	-0.9
1400	0.162276152	0.08200184	-0.9
1401	0.156436651	0.092657571	-0.9
1402	0.149898466	0.102899472	-0.9
1403	0.142690797	0.112681798	-0.9
1404	0.134845837	0.12196086	-0.9
1405	0.126398623	0.130695215	-0.9
1406	0.117386882	0.138845854	-0.9
1407	0.107850863	0.146376373	-0.9
1408	0.097833155	0.15325314	-0.9
1409	0.087378501	0.159445441	-0.9
1410	0.076533593	0.164925621	-0.9
1411	0.065346868	0.169669202	-0.9
1412	0.053868287	0.173654999	-0.9
1413	0.042149118	0.176865212	-0.9
1414	0.030241701	0.179285501	-0.9
1415	0.018199217	0.180905057	-0.9
1416	0.00607545	0.181716648	-0.9
1417	-0.00607545	0.181716648	-0.9
1418	-0.018199217	0.180905057	-0.9
1419	-0.030241701	0.179285501	-0.9
1420	-0.042149118	0.176865212	-0.9
1421	-0.053868287	0.173654999	-0.9
1422	-0.065346868	0.169669202	-0.9
1423	-0.076533593	0.164925621	-0.9
1424	-0.087378501	0.159445441	-0.9
1425	-0.097833155	0.15325314	-0.9
1426	-0.107850863	0.146376373	-0.9
1427	-0.117386882	0.138845854	-0.9
1428	-0.126398623	0.130695215	-0.9
1429	-0.134845837	0.12196086	-0.9
1430	-0.142690797	0.112681798	-0.9
1431	-0.149898466	0.102899472	-0.9
1432	-0.156436651	0.092657571	-0.9
1433	-0.162276152	0.08200184	-0.9
1434	-0.167390888	0.070979868	-0.9
1435	-0.171758017	0.059640883	-0.9
1436	-0.175358032	0.048035528	-0.9
1437	-0.178174855	0.036215634	-0.9
1438	-0.180195907	0.024233992	-0.9
1439	-0.18141216	0.012144115	-0.9
1440	-0.181818182	2.22754E-17	-0.9
1441	0.136363636	0	-0.9
1442	0.13605912	0.009108086	-0.9
1443	0.13514693	0.018175494	-0.9
1444	0.133631142	0.027161725	-0.9
1445	0.131518524	0.036026646	-0.9
1446	0.128818512	0.044730662	-0.9
1447	0.125543166	0.053234901	-0.9
1448	0.121707114	0.06150138	-0.9
1449	0.117327488	0.069493179	-0.9
1450	0.112423849	0.077174604	-0.9
1451	0.107018098	0.084511348	-0.9
1452	0.101134378	0.091470645	-0.9
1453	0.094798967	0.098021411	-0.9
1454	0.088040162	0.10413439	-0.9
1455	0.080888147	0.10978228	-0.9
1456	0.073374866	0.114939855	-0.9
1457	0.065533876	0.119584081	-0.9
1458	0.057400195	0.123694216	-0.9
1459	0.049010151	0.127251902	-0.9
1460	0.040401216	0.13024125	-0.9
1461	0.031611839	0.132648909	-0.9
1462	0.022681276	0.134464126	-0.9
1463	0.013649412	0.135678793	-0.9
1464	0.004556588	0.136287486	-0.9
1465	-0.004556588	0.136287486	-0.9
1466	-0.013649412	0.135678793	-0.9
1467	-0.022681276	0.134464126	-0.9
1468	-0.031611839	0.132648909	-0.9
1469	-0.040401216	0.13024125	-0.9
1470	-0.049010151	0.127251902	-0.9
1471	-0.057400195	0.123694216	-0.9
1472	-0.065533876	0.119584081	-0.9
1473	-0.073374866	0.114939855	-0.9
1474	-0.080888147	0.10978228	-0.9
1475	-0.088040162	0.10413439	-0.9
1476	-0.094798967	0.098021411	-0.9
1477	-0.101134378	0.091470645	-0.9
1478	-0.107018098	0.084511348	-0.9
1479	-0.112423849	0.077174604	-0.9
1480	-0.117327488	0.069493179	-0.9
1481	-0.121707114	0.06150138	-0.9
1482	-0.125543166	0.053234901	-0.9
1483	-0.128818512	0.044730662	-0.9
1484	-0.131518524	0.036026646	-0.9
1485	-0.133631142	0.027161725	-0.9
1486	-0.13514693	0.018175494	-0.9
1487	-0.13605912	0.009108086	-0.9
1488	-0.136363636	1.67066E-17	-0.9
1489	0.090909091	0	-0.9
1490	0.09070608	0.006072058	-0.9
1491	0.090097953	0.012116996	-0.9
1492	0.089087428	0.018107817	-0.9
1493	0.087679016	0.024017764	-0.9
1494	0.085879008	0.029820442	-0.9
1495	0.083695444	0.035489934	-0.9
1496	0.081138076	0.04100092	-0.9
1497	0.078218325	0.046328786	-0.9
1498	0.074949233	0.051449736	-0.9
1499	0.071345399	0.056340899	-0.9
1500	0.067422919	0.06098043	-0.9
1501	0.063199312	0.065347608	-0.9
1502	0.058693441	0.069422927	-0.9
1503	0.053925431	0.073188187	-0.9
1504	0.048916578	0.07662657	-0.9
1505	0.04368925	0.079722721	-0.9
1506	0.038266797	0.08246281	-0.9
1507	0.032673434	0.084834601	-0.9
1508	0.026934144	0.0868275	-0.9
1509	0.021074559	0.088432606	-0.9
1510	0.01512085	0.08964275	-0.9
1511	0.009099608	0.090452529	-0.9
1512	0.003037725	0.090858324	-0.9
1513	-0.003037725	0.090858324	-0.9
1514	-0.009099608	0.090452529	-0.9
1515	-0.01512085	0.08964275	-0.9
1516	-0.021074559	0.088432606	-0.9
1517	-0.026934144	0.0868275	-0.9
1518	-0.032673434	0.084834601	-0.9
1519	-0.038266797	0.08246281	-0.9
1520	-0.04368925	0.079722721	-0.9
1521	-0.048916578	0.07662657	-0.9
1522	-0.053925431	0.073188187	-0.9
1523	-0.058693441	0.069422927	-0.9
1524	-0.063199312	0.065347608	-0.9
1525	-0.067422919	0.06098043	-0.9
1526	-0.071345399	0.056340899	-0.9
1527	-0.074949233	0.051449736	-0.9
1528	-0.078218325	0.046328786	-0.9
1529	-0.081138076	0.04100092	-0.9
1530	-0.083695444	0.035489934	-0.9
1531	-0.085879008	0.029820442	-0.9
1532	-0.087679016	0.024017764	-0.9
1533	-0.089087428	0.018107817	-0.9
1534	-0.090097953	0.012116996	-0.9
1535	-0.09070608	0.006072058	-0.9
1536	-0.090909091	1.11377E-17	-0.9
1537	0.045454545	0	-0.9
1538	0.04535304	0.003036029	-0.9
1539	0.045048977	0.006058498	-0.9
1540	0.044543714	0.009053908	-0.9
1541	0.043839508	0.012008882	-0.9
1542	0.042939504	0.014910221	-0.9
1543	0.041847722	0.017744967	-0.9
1544	0.040569038	0.02050046	-0.9
1545	0.039109163	0.023164393	-0.9
1546	0.037474616	0.025724868	-0.9
1547	0.035672699	0.028170449	-0.9
1548	0.033711459	0.030490215	-0.9
1549	0.031599656	0.032673804	-0.9
1550	0.029346721	0.034711463	-0.9
1551	0.026962716	0.036594093	-0.9
1552	0.024458289	0.038313285	-0.9
1553	0.021844625	0.03986136	-0.9
1554	0.019133398	0.041231405	-0.9
1555	0.016336717	0.042417301	-0.9
1556	0.013467072	0.04341375	-0.9
1557	0.01053728	0.044216303	-0.9
1558	0.007560425	0.044821375	-0.9
1559	0.004549804	0.045226264	-0.9
1560	0.001518863	0.045429162	-0.9
1561	-0.001518863	0.045429162	-0.9
1562	-0.004549804	0.045226264	-0.9
1563	-0.007560425	0.044821375	-0.9
1564	-0.01053728	0.044216303	-0.9
1565	-0.013467072	0.04341375	-0.9
1566	-0.016336717	0.042417301	-0.9
1567	-0.019133398	0.041231405	-0.9
1568	-0.021844625	0.03986136	-0.9
1569	-0.024458289	0.038313285	-0.9
1570	-0.026962716	0.036594093	-0.9
1571	-0.029346721	0.034711463	-0.9
1572	-0.031599656	0.032673804	-0.9
1573	-0.033711459	0.030490215	-0.9
1574	-0.035672699	0.028170449	-0.9
1575	-0.037474616	0.025724868	-0.9
1576	-0.039109163	0.023164393	-0.9
1577	-0.040569038	0.02050046	-0.9
1578	-0.041847722	0.017744967	-0.9
1579	-0.042939504	0.014910221	-0.9
1580	-0.043839508	0.012008882	-0.9
1581	-0.044543714	0.009053908	-0.9
1582	-0.045048977	0.006058498	-0.9
1583	-0.04535304	0.003036029	-0.9
1584	-0.045454545	5.56886E-18	-0.9
0	0	0	0
2	1	49	50
3	2	50	51
4	3	51	52
5	4	52	53
6	5	53	54
7	6	54	55
8	7	55	56
9	8	56	57
10	9	57	58
11	10	58	59
12	11	59	60
13	12	60	61
14	13	61	62
15	14	62	63
16	15	63	64
17	16	64	65
18	17	65	66
19	18	66	67
20	19	67	68
21	20	68	69
22	21	69	70
23	22	70	71
24	23	71	72
25	24	72	73
26	25	73	74
27	26	74	75
28	27	75	76
29	28	76	77
30	29	77	78
31	30	78	79
32	31	79	80
33	32	80	81
34	33	81	82
35	34	82	83
36	35	83	84
37	36	84	85
38	37	85	86
39	38	86	87
40	39	87	88
41	40	88	89
42	41	89	90
43	42	90	91
44	43	91	92
45	44	92	93
46	45	93	94
47	46	94	95
48	47	95	96
50	49	97	98
51	50	98	99
52	51	99	100
53	52	100	101
54	53	101	102
55	54	102	103
56	55	103	104
57	56	104	105
58	57	105	106
59	58	106	107
60	59	107	108
61	60	108	109
62	61	109	110
63	62	110	111
64	63	111	112
65	64	112	113
66	65	113	114
67	66	114	115
68	67	115	116
69	68	116	117
70	69	117	118
71	70	118	119
72	71	119	120
73	72	120	121
74	73	121	122
75	74	122	123
76	75	123	124
77	76	124	125
78	77	125	126
79	78	126	127
80	79	127	128
81	80	128	129
82	81	129	130
83	82	130	131
84	83	131	132
85	84	132	133
86	85	133	134
87	86	134	135
88	87	135	136
89	88	136	137
90	89	137	138
91	90	138	139
92	91	139	140
93	92	140	141
94	93	141	142
95	94	142	143
96	95	143	144
98	97	145	146
99	98	146	147
100	99	147	148
101	100	148	149
102	101	149	150
103	102	150	151
104	103	151	152
105	104	152	153
106	105	153	154
107	106	154	155
108	107	155	156
109	108	156	157
110	109	157	158
111	110	158	159
112	111	159	160
113	112	160	161
114	113	161	162
115	114	162	163
116	115	163	164
117	116	164	165
118	117	165	166
119	118	166	167
120	119	167	168
121	120	168	169
122	121	169	170
123	122	170	171
124	123	171	172
125	124	172	173
126	125	173	174
127	126	174	175
128	127	175	176
129	128	176	177
130	129	177	178
131	130	178	179
132	131	179	180
133	132	180	181
134	133	181	182
135	134	182	183
136	135	183	184
137	136	184	185
138	137	185	186
139	138	186	187
140	139	187	188
141	140	188	189
142	141	189	190
143	142	190	191
144	143	191	192
146	145	193	194
147	146	194	195
148	147	195	196
149	148	196	197
150	149	197	198
151	150	198	199
152	151	199	200
153	152	200	201
154	153	201	202
155	154	202	203
156	155	203	204
157	156	204	205
158	157	205	206
159	158	206	207
160	159	207	208
161	160	208	209
162	161	209	210
163	162	210	211
164	163	211	212
165	164	212	213
166	165	213	214
167	166	214	215
168	167	215	216
169	168	216	217
170	169	217	218
171	170	218	219
172	171	219	220
173	172	220	221
174	173	221	222
175	174	222	223
176	175	223	224
177	176	224	225
178	177	225	226
179	178	226	227
180	179	227	228
181	180	228	229
182	181	229	230
183	182	230	231
184	183	231	232
185	184	232	233
186	185	233	234
187	186	234	235
188	187	235	236
189	188	236	237
190	189	237	238
191	190	238	239
192	191	239	240
194	193	241	242
195	194	242	243
196	195	243	244
197	196	244	245
198	197	245	246
199	198	246	247
200	199	247	248
201	200	248	249
202	201	249	250
203	202	250	251
204	203	251	252
205	204	252	253
206	205	253	254
207	206	254	255
208	207	255	256
209	208	256	257
210	209	257	258
211	210	258	259
212	211	259	260
213	212	260	261
214	213	261	262
215	214	262	263
216	215	263	264
217	216	264	265
218	217	265	266
219	218	266	267
220	219	267	268
221	220	268	269
222	221	269	270
223	222	270	271
224	223	271	272
225	224	272	273
226	225	273	274
227	226	274	275
228	227	275	276
229	228	276	277
230	229	277	278
231	230	278	279
232	231	279	280
233	232	280	281
234	233	281	282
235	234	282	283
236	235	283	284
237	236	284	285
238	237	285	286
239	238	286	287
240	239	287	288
242	241	289	290
243	242	290	291
244	243	291	292
245	244	292	293
246	245	293	294
247	246	294	295
248	247	295	296
249	248	296	297
250	249	297	298
251	250	298	299
252	251	299	300
253	252	300	301
254	253	301	302
255	254	302	303
256	255	303	304
257	256	304	305
258	257	305	306
259	258	306	307
260	259	307	308
261	260	308	309
262	261	309	310
263	262	310	311
264	263	311	312
265	264	312	313
266	265	313	314
267	266	314	315
268	267	315	316
269	268	316	317
270	269	317	318
271	270	318	319
272	271	319	320
273	272	320	321
274	273	321	322
275	274	322	323
276	275	323	324
277	276	324	325
278	277	325	326
279	278	326	327
280	279	327	328
281	280	328	329
282	281	329	330
283	282	330	331
284	283	331	332
285	284	332	333
286	285	333	334
287	286	334	335
288	287	335	336
290	289	337	338
291	290	338	339
292	291	339	340
293	292	340	341
294	293	341	342
295	294	342	343
296	295	343	344
297	296	344	345
298	297	345	346
299	298	346	347
300	299	347	348
301	300	348	349
302	301	349	350
303	302	350	351
304	303	351	352
305	304	352	353
306	305	353	354
307	306	354	355
308	307	355	356
309	308	356	357
310	309	357	358
311	310	358	359
312	311	359	360
313	312	360	361
314	313	361	362
315	314	362	363
316	315	363	364
317	316	364	365
318	317	365	366
319	318	366	367
320	319	367	368
321	320	368	369
322	321	369	370
323	322	370	371
324	323	371	372
325	324	372	373
326	325	373	374
327	326	374	375
328	327	375	376
329	328	376	377
330	329	377	378
331	330	378	379
332	331	379	380
333	332	380	381
334	333	381	382
335	334	382	383
336	335	383	384
338	337	385	386
339	338	386	387
340	339	387	388
341	340	388	389
342	341	389	390
343	342	390	391
344	343	391	392
345	344	392	393
346	345	393	394
347	346	394	395
348	347	395	396
349	348	396	397
350	349	397	398
351	350	398	399
352	351	399	400
353	352	400	401
354	353	401	402
355	354	402	403
356	355	403	404
357	356	404	405
358	357	405	406
359	358	406	407
360	359	407	408
361	360	408	409
362	361	409	410
363	362	410	411
364	363	411	412
365	364	412	413
366	365	413	414
367	366	414	415
368	367	415	416
369	368	416	417
370	369	417	418
371	370	418	419
372	371	419	420
373	372	420	421
374	373	421	422
375	374	422	423
376	375	423	424
377	376	424	425
378	377	425	426
379	378	426	427
380	379	427	428
381	380	428	429
382	381	429	430
383	382	430	431
384	383	431	432
386	385	433	434
387	386	434	435
388	387	435	436
389	388	436	437
390	389	437	438
391	390	438	439
392	391	439	440
393	392	440	441
394	393	441	442
395	394	442	443
396	395	443	444
397	396	444	445
398	397	445	446
399	398	446	447
400	399	447	448
401	400	448	449
402	401	449	450
403	402	450	451
404	403	451	452
405	404	452	453
406	405	453	454
407	406	454	455
408	407	455	456
409	408	456	457
410	409	457	458
411	410	458	459
412	411	459	460
413	412	460	461
414	413	461	462
415	414	462	463
416	415	463	464
417	416	464	465
418	417	465	466
419	418	466	467
420	419	467	468
421	420	468	469
422	421	469	470
423	422	470	471
424	423	471	472
425	424	472	473
426	425	473	474
427	426	474	475
428	427	475	476
429	428	476	477
430	429	477	478
431	430	478	479
432	431	479	480
434	433	481	482
435	434	482	483
436	435	483	484
437	436	484	485
438	437	485	486
439	438	486	487
440	439	487	488
441	440	488	489
442	441	489	490
443	442	490	491
444	443	491	492
445	444	492	493
446	445	493	494
447	446	494	495
448	447	495	496
449	448	496	497
450	449	497	498
451	450	498	499
452	451	499	500
453	452	500	501
454	453	501	502
455	454	502	503
456	455	503	504
457	456	504	505
458	457	505	506
459	458	506	507
460	459	507	508
461	460	508	509
462	461	509	510
463	462	510	511
464	463	511	512
465	464	512	513
466	465	513	514
467	466	514	515
468	467	515	516
469	468	516	517
470	469	517	518
471	470	518	519
472	471	519	520
473	472	520	521
474	473	521	522
475	474	522	523
476	475	523	524
477	476	524	525
478	477	525	526
479	478	526	527
480	479	527	528
482	481	529	530
483	482	530	531
484	483	531	532
485	484	532	533
486	485	533	534
487	486	534	535
488	487	535	536
489	488	536	537
490	489	537	538
491	490	538	539
492	491	539	540
493	492	540	541
494	493	541	542
495	494	542	543
496	495	543	544
497	496	544	545
498	497	545	546
499	498	546	547
500	499	547	548
501	500	548	549
502	501	549	550
503	502	550	551
504	503	551	552
505	504	552	553
506	505	553	554
507	506	554	555
508	507	555	556
509	508	556	557
510	509	557	558
511	510	558	559
512	511	559	560
513	512	560	561
514	513	561	562
515	514	562	563
516	515	563	564
517	516	564	565
518	517	565	566
519	518	566	567
520	519	567	568
521	520	568	569
522	521	569	570
523	522	570	571
524	523	571	572
525	524	572	573
526	525	573	574
527	526	574	575
528	527	575	576
530	529	577	578
531	530	578	579
532	531	579	580
533	532	580	581
534	533	581	582
535	534	582	583
536	535	583	584
537	536	584	585
538	537	585	586
539	538	586	587
540	539	587	588
541	540	588	589
542	541	589	590
543	542	590	591
544	543	591	592
545	544	592	593
546	545	593	594
547	546	594	595
548	547	595	596
549	548	596	597
550	549	597	598
551	550	598	599
552	551	599	600
553	552	600	601
554	553	601	602
555	554	602	603
556	555	603	604
557	556	604	605
558	557	605	606
559	558	606	607
560	559	607	608
561	560	608	609
562	561	609	610
563	562	610	611
564	563	611	612
565	564	612	613
566	565	613	614
567	566	614	615
568	567	615	616
569	568	616	617
570	569	617	618
571	570	618	619
572	571	619	620
573	572	620	621
574	573	621	622
575	574	622	623
576	575	623	624
578	577	625	626
579	578	626	627
580	579	627	628
581	580	628	629
582	581	629	630
583	582	630	631
584	583	631	632
585	584	632	633
586	585	633	634
587	586	634	635
588	587	635	636
589	588	636	637
590	589	637	638
591	590	638	639
592	591	639	640
593	592	640	641
594	593	641	642
595	594	642	643
596	595	643	644
597	596	644	645
598	597	645	646
599	598	646	647
600	599	647	648
601	600	648	649
602	601	649	650
603	602	650	651
604	603	651	652
605	604	652	653
606	605	653	654
607	606	654	655
608	607	655	656
609	608	656	657
610	609	657	658
611	610	658	659
612	611	659	660
613	612	660	661
614	613	661	662
615	614	662	663
616	615	663	664
617	616	664	665
618	617	665	666
619	618	666	667
620	619	667	668
621	620	668	669
622	621	669	670
623	622	670	671
624	623	671	672
626	625	673	674
627	626	674	675
628	627	675	676
629	628	676	677
630	629	677	678
631	630	678	679
632	631	679	680
633	632	680	681
634	633	681	682
635	634	682	683
636	635	683	684
637	636	684	685
638	637	685	686
639	638	686	687
640	639	687	688
641	640	688	689
642	641	689	690
643	642	690	691
644	643	691	692
645	644	692	693
646	645	693	694
647	646	694	695
648	647	695	696
649	648	696	697
650	649	697	698
651	650	698	699
652	651	699	700
653	652	700	701
654	653	701	702
655	654	702	703
656	655	703	704
657	656	704	705
658	657	705	706
659	658	706	707
660	659	707	708
661	660	708	709
662	661	709	710
663	662	710	711
664	663	711	712
665	664	712	713
666	665	713	714
667	666	714	715
668	667	715	716
669	668	716	717
670	669	717	718
671	670	718	719
672	671	719	720
674	673	721	722
675	674	722	723
676	675	723	724
677	676	724	725
678	677	725	726
679	678	726	727
680	679	727	728
681	680	728	729
682	681	729	730
683	682	730	731
684	683	731	732
685	684	732	733
686	685	733	734
687	686	734	735
688	687	735	736
689	688	736	737
690	689	737	738
691	690	738	739
692	691	739	740
693	692	740	741
694	693	741	742
695	694	742	743
696	695	743	744
697	696	744	745
698	697	745	746
699	698	746	747
700	699	747	748
701	700	748	749
702	701	749	750
703	702	750	751
704	703	751	752
705	704	752	753
706	705	753	754
707	706	754	755
708	707	755	756
709	708	756	757
710	709	757	758
711	710	758	759
712	711	759	760
713	712	760	761
714	713	761	762
715	714	762	763
716	715	763	764
717	716	764	765
718	717	765	766
719	718	766	767
720	719	767	768
722	721	769	770
723	722	770	771
724	723	771	772
725	724	772	773
726	725	773	774
727	726	774	775
728	727	775	776
729	728	776	777
730	729	777	778
731	730	778	779
732	731	779	780
733	732	780	781
734	733	781	782
735	734	782	783
736	735	783	784
737	736	784	785
738	737	785	786
739	738	786	787
740	739	787	788
741	740	788	789
742	741	789	790
743	742	790	791
744	743	791	792
745	744	792	793
746	745	793	794
747	746	794	795
748	747	795	796
749	748	796	797
750	749	797	798
751	750	798	799
752	751	799	800
753	752	800	801
754	753	801	802
755	754	802	803
756	755	803	804
757	756	804	805
758	757	805	806
759	758	806	807
760	759	807	808
761	760	808	809
762	761	809	810
763	762	810	811
764	763	811	812
765	764	812	813
766	765	813	814
767	766	814	815
768	767	815	816
770	769	817	818
771	770	818	819
772	771	819	820
773	772	820	821
774	773	821	822
775	774	822	823
776	775	823	824
777	776	824	825
778	777	825	826
779	778	826	827
780	779	827	828
781	780	828	829
782	781	829	830
783	782	830	831
784	783	831	832
785	784	832	833
786	785	833	834
787	786	834	835
788	787	835	836
789	788	836	837
790	789	837	838
791	790	838	839
792	791	839	840
793	792	840	841
794	793	841	842
795	794	842	843
796	795	843	844
797	796	844	845
798	797	845	846
799	798	846	847
800	799	847	848
801	800	848	849
802	801	849	850
803	802	850	851
804	803	851	852
805	804	852	853
806	805	853	854
807	806	854	855
808	807	855	856
809	808	856	857
810	809	857	858
811	810	858	859
812	811	859	860
813	812	860	861
814	813	861	862
815	814	862	863
816	815	863	864
818	817	865	866
819	818	866	867
820	819	867	868
821	820	868	869
822	821	869	870
823	822	870	871
824	823	871	872
825	824	872	873
826	825	873	874
827	826	874	875
828	827	875	876
829	828	876	877
830	829	877	878
831	830	878	879
832	831	879	880
833	832	880	881
834	833	881	882
835	834	882	883
836	835	883	884
837	836	884	885
838	837	885	886
839	838	886	887
840	839	887	888
841	840	888	889
842	841	889	890
843	842	890	891
844	843	891	892
845	844	892	893
846	845	893	894
847	846	894	895
848	847	895	896
849	848	896	897
850	849	897	898
851	850	898	899
852	851	899	900
853	852	900	901
854	853	901	902
855	854	902	903
856	855	903	904
857	856	904	905
858	857	905	906
859	858	906	907
860	859	907	908
861	860	908	909
862	861	909	910
863	862	910	911
864	863	911	912
866	865	913	914
867	866	914	915
868	867	915	916
869	868	916	917
870	869	917	918
871	870	918	919
872	871	919	920
873	872	920	921
874	873	921	922
875	874	922	923
876	875	923	924
877	876	924	925
878	877	925	926
879	878	926	927
880	879	927	928
881	880	928	929
882	881	929	930
883	882	930	931
884	883	931	932
885	884	932	933
886	885	933	934
887	886	934	935
888	887	935	936
889	888	936	937
890	889	937	938
891	890	938	939
892	891	939	940
893	892	940	941
894	893	941	942
895	894	942	943
896	895	943	944
897	896	944	945
898	897	945	946
899	898	946	947
900	899	947	948
901	900	948	949
902	901	949	950
903	902	950	951
904	903	951	952
905	904	952	953
906	905	953	954
907	906	954	955
908	907	955	956
909	908	956	957
910	909	957	958
911	910	958	959
912	911	959	960
914	913	961	962
915	914	962	963
916	915	963	964
917	916	964	965
918	917	965	966
919	918	966	967
920	919	967	968
921	920	968	969
922	921	969	970
923	922	970	971
924	923	971	972
925	924	972	973
926	925	973	974
927	926	974	975
928	927	975	976
929	928	976	977
930	929	977	978
931	930	978	979
932	931	979	980
933	932	980	981
934	933	981	982
935	934	982	983
936	935	983	984
937	936	984	985
938	937	985	986
939	938	986	987
940	939	987	988
941	940	988	989
942	941	989	990
943	942	990	991
944	943	991	992
945	944	992	993
946	945	993	994
947	946	994	995
948	947	995	996
949	948	996	997
950	949	997	998
951	950	998	999
952	951	999	1000
953	952	1000	1001
954	953	1001	1002
955	954	1002	1003
956	955	1003	1004
957	956	1004	1005
958	957	1005	1006
959	958	1006	1007
960	959	1007	1008
962	961	1009	1010
963	962	1010	1011
964	963	1011	1012
965	964	1012	1013
966	965	1013	1014
967	966	1014	1015
968	967	1015	1016
969	968	1016	1017
970	969	1017	1018
971	970	1018	1019
972	971	1019	1020
973	972	1020	1021
974	973	1021	1022
975	974	1022	1023
976	975	1023	1024
977	976	1024	1025
978	977	1025	1026
979	978	1026	1027
980	979	1027	1028
981	980	1028	1029
982	981	1029	1030
983	982	1030	1031
984	983	1031	1032
985	984	1032	1033
986	985	1033	1034
987	986	1034	1035
988	987	1035	1036
989	988	1036	1037
990	989	1037	1038
991	990	1038	1039
992	991	1039	1040
993	992	1040	1041
994	993	1041	1042
995	994	1042	1043
996	995	1043	1044
997	996	1044	1045
998	997	1045	1046
999	998	1046	1047
1000	999	1047	1048
1001	1000	1048	1049
1002	1001	1049	1050
1003	1002	1050	1051
1004	1003	1051	1052
1005	1004	1052	1053
1006	1005	1053	1054
1007	1006	1054	1055
1008	1007	1055	1056
1010	1009	1057	1058
1011	1010	1058	1059
1012	1011	1059	1060
1013	1012	1060	1061
1014	1013	1061	1062
1015	1014	1062	1063
1016	1015	1063	1064
1017	1016	1064	1065
1018	1017	1065	1066
1019	1018	1066	1067
1020	1019	1067	1068
1021	1020	1068	1069
1022	1021	1069	1070
1023	1022	1070	1071
1024	1023	1071	1072
1025	1024	1072	1073
1026	1025	1073	1074
1027	1026	1074	1075
1028	1027	1075	1076
1029	1028	1076	1077
1030	1029	1077	1078
1031	1030	1078	1079
1032	1031	1079	1080
1033	1032	1080	1081
1034	1033	1081	1082
1035	1034	1082	1083
1036	1035	1083	1084
1037	1036	1084	1085
1038	1037	1085	1086
1039	1038	1086	1087
1040	1039	1087	1088
1041	1040	1088	1089
1042	1041	1089	1090
1043	1042	1090	1091
1044	1043	1091	1092
1045	1044	1092	1093
1046	1045	1093	1094
1047	1046	1094	1095
1048	1047	1095	1096
1049	1048	1096	1097
1050	1049	1097	1098
1051	1050	1098	1099
1052	1051	1099	1100
1053	1052	1100	1101
1054	1053	1101	1102
1055	1054	1102	1103
1056	1055	1103	1104
1058	1057	1105	1106
1059	1058	1106	1107
1060	1059	1107	1108
1061	1060	1108	1109
1062	1061	1109	1110
1063	1062	1110	1111
1064	1063	1111	1112
1065	1064	1112	1113
1066	1065	1113	1114
1067	1066	1114	1115
1068	1067	1115	1116
1069	1068	1116	1117
1070	1069	1117	1118
1071	1070	1118	1119
1072	1071	1119	1120
1073	1072	1120	1121
1074	1073	1121	1122
1075	1074	1122	1123
1076	1075	1123	1124
1077	1076	1124	1125
1078	1077	1125	1126
1079	1078	1126	1127
1080	1079	1127	1128
1081	1080	1128	1129
1082	1081	1129	1130
1083	1082	1130	1131
1084	1083	1131	1132
1085	1084	1132	1133
1086	1085	1133	1134
1087	1086	1134	1135
1088	1087	1135	1136
1089	1088	1136	1137
1090	1089	1137	1138
1091	1090	1138	1139
1092	1091	1139	1140
1093	1092	1140	1141
1094	1093	1141	1142
1095	1094	1142	1143
1096	1095	1143	1144
1097	1096	1144	1145
1098	1097	1145	1146
1099	1098	1146	1147
1100	1099	1147	1148
1101	1100	1148	1149
1102	1101	1149	1150
1103	1102	1150	1151
1104	1103	1151	1152
1106	1105	1153	1154
1107	1106	1154	1155
1108	1107	1155	1156
1109	1108	1156	1157
1110	1109	1157	1158
1111	1110	1158	1159
1112	1111	1159	1160
1113	1112	1160	1161
1114	1113	1161	1162
1115	1114	1162	1163
1116	1115	1163	1164
1117	1116	1164	1165
1118	1117	1165	1166
1119	1118	1166	1167
1120	1119	1167	1168
1121	1120	1168	1169
1122	1121	1169	1170
1123	1122	1170	1171
1124	1123	1171	1172
1125	1124	1172	1173
1126	1125	1173	1174
1127	1126	1174	1175
1128	1127	1175	1176
1129	1128	1176	1177
1130	1129	1177	1178
1131	1130	1178	1179
1132	1131	1179	1180
1133	1132	1180	1181
1134	1133	1181	1182
1135	1134	1182	1183
1136	1135	1183	1184
1137	1136	1184	1185
1138	1137	1185	1186
1139	1138	1186	1187
1140	1139	1187	1188
1141	1140	1188	1189
1142	1141	1189	1190
1143	1142	1190	1191
1144	1143	1191	1192
1145	1144	1192	1193
1146	1145	1193	1194
1147	1146	1194	1195
1148	1147	1195	1196
1149	1148	1196	1197
1150	1149	1197	1198
1151	1150	1198	1199
1152	1151	1199	1200
1154	1153	1201	1202
1155	1154	1202	1203
1156	1155	1203	1204
1157	1156	1204	1205
1158	1157	1205	1206
1159	1158	1206	1207
1160	1159	1207	1208
1161	1160	1208	1209
1162	1161	1209	1210
1163	1162	1210	1211
1164	1163	1211	1212
1165	1164	1212	1213
1166	1165	1213	1214
1167	1166	1214	1215
1168	1167	1215	1216
1169	1168	1216	1217
1170	1169	1217	1218
1171	1170	1218	1219
1172	1171	1219	1220
1173	1172	1220	1221
1174	1173	1221	1222
1175	1174	1222	1223
1176	1175	1223	1224
1177	1176	1224	1225
1178	1177	1225	1226
1179	1178	1226	1227
1180	1179	1227	1228
1181	1180	1228	1229
1182	1181	1229	1230
1183	1182	1230	1231
1184	1183	1231	1232
1185	1184	1232	1233
1186	1185	1233	1234
1187	1186	1234	1235
1188	1187	1235	1236
1189	1188	1236	1237
1190	1189	1237	1238
1191	1190	1238	1239
1192	1191	1239	1240
1193	1192	1240	1241
1194	1193	1241	1242
1195	1194	1242	1243
1196	1195	1243	1244
1197	1196	1244	1245
1198	1197	1245	1246
1199	1198	1246	1247
1200	1199	1247	1248
1202	1201	1249	1250
1203	1202	1250	1251
1204	1203	1251	1252
1205	1204	1252	1253
1206	1205	1253	1254
1207	1206	1254	1255
1208	1207	1255	1256
1209	1208	1256	1257
1210	1209	1257	1258
1211	1210	1258	1259
1212	1211	1259	1260
1213	1212	1260	1261
1214	1213	1261	1262
1215	1214	1262	1263
1216	1215	1263	1264
1217	1216	1264	1265
1218	1217	1265	1266
1219	1218	1266	1267
1220	1219	1267	1268
1221	1220	1268	1269
1222	1221	1269	1270
1223	1222	1270	1271
1224	1223	1271	1272
1225	1224	1272	1273
1226	1225	1273	1274
1227	1226	1274	1275
1228	1227	1275	1276
1229	1228	1276	1277
1230	1229	1277	1278
1231	1230	1278	1279
1232	1231	1279	1280
1233	1232	1280	1281
1234	1233	1281	1282
1235	1234	1282	1283
1236	1235	1283	1284
1237	1236	1284	1285
1238	1237	1285	1286
1239	1238	1286	1287
1240	1239	1287	1288
1241	1240	1288	1289
1242	1241	1289	1290
1243	1242	1290	1291
1244	1243	1291	1292
1245	1244	1292	1293
1246	1245	1293	1294
1247	1246	1294	1295
1248	1247	1295	1296
1250	1249	1297	1298
1251	1250	1298	1299
1252	1251	1299	1300
1253	1252	1300	1301
1254	1253	1301	1302
1255	1254	1302	1303
1256	1255	1303	1304
1257	1256	1304	1305
1258	1257	1305	1306
1259	1258	1306	1307
1260	1259	1307	1308
1261	1260	1308	1309
1262	1261	1309	1310
1263	1262	1310	1311
1264	1263	1311	1312
1265	1264	1312	1313
1266	1265	1313	1314
1267	1266	1314	1315
1268	1267	1315	1316
1269	1268	1316	1317
1270	1269	1317	1318
1271	1270	1318	1319
1272	1271	1319	1320
1273	1272	1320	1321
1274	1273	1321	1322
1275	1274	1322	1323
1276	1275	1323	1324
1277	1276	1324	1325
1278	1277	1325	1326
1279	1278	1326	1327
1280	1279	1327	1328
1281	1280	1328	1329
1282	1281	1329	1330
1283	1282	1330	1331
1284	1283	1331	1332
1285	1284	1332	1333
1286	1285	1333	1334
1287	1286	1334	1335
1288	1287	1335	1336
1289	1288	1336	1337
1290	1289	1337	1338
1291	1290	1338	1339
1292	1291	1339	1340
1293	1292	1340	1341
1294	1293	1341	1342
1295	1294	1342	1343
1296	1295	1343	1344
1298	1297	1345	1346
1299	1298	1346	1347
1300	1299	1347	1348
1301	1300	1348	1349
1302	1301	1349	1350
1303	1302	1350	1351
1304	1303	1351	1352
1305	1304	1352	1353
1306	1305	1353	1354
1307	1306	1354	1355
1308	1307	1355	1356
1309	1308	1356	1357
1310	1309	1357	1358
1311	1310	1358	1359
1312	1311	1359	1360
1313	1312	1360	1361
1314	1313	1361	1362
1315	1314	1362	1363
1316	1315	1363	1364
1317	1316	1364	1365
1318	1317	1365	1366
1319	1318	1366	1367
1320	1319	1367	1368
1321	1320	1368	1369
1322	1321	1369	1370
1323	1322	1370	1371
1324	1323	1371	1372
1325	1324	1372	1373
1326	1325	1373	1374
1327	1326	1374	1375
1328	1327	1375	1376
1329	1328	1376	1377
1330	1329	1377	1378
1331	1330	1378	1379
1332	1331	1379	1380
1333	1332	1380	1381
1334	1333	1381	1382
1335	1334	1382	1383
1336	1335	1383	1384
1337	1336	1384	1385
1338	1337	1385	1386
1339	1338	1386	1387
1340	1339	1387	1388
1341	1340	1388	1389
1342	1341	1389	1390
1343	1342	1390	1391
1344	1343	1391	1392
1346	1345	1393	1394
1347	1346	1394	1395
1348	1347	1395	1396
1349	1348	1396	1397
1350	1349	1397	1398
1351	1350	1398	1399
1352	1351	1399	1400
1353	1352	1400	1401
1354	1353	1401	1402
1355	1354	1402	1403
1356	1355	1403	1404
1357	1356	1404	1405
1358	1357	1405	1406
1359	1358	1406	1407
1360	1359	1407	1408
1361	1360	1408	1409
1362	1361	1409	1410
1363	1362	1410	1411
1364	1363	1411	1412
1365	1364	1412	1413
1366	1365	1413	1414
1367	1366	1414	1415
1368	1367	1415	1416
1369	1368	1416	1417
1370	1369	1417	1418
1371	1370	1418	1419
1372	1371	1419	1420
1373	1372	1420	1421
1374	1373	1421	1422
1375	1374	1422	1423
1376	1375	1423	1424
1377	1376	1424	1425
1378	1377	1425	1426
1379	1378	1426	1427
1380	1379	1427	1428
1381	1380	1428	1429
1382	1381	1429	1430
1383	1382	1430	1431
1384	1383	1431	1432
1385	1384	1432	1433
1386	1385	1433	1434
1387	1386	1434	1435
1388	1387	1435	1436
1389	1388	1436	1437
1390	1389	1437	1438
1391	1390	1438	1439
1392	1391	1439	1440
1394	1393	1441	1442
1395	1394	1442	1443
1396	1395	1443	1444
1397	1396	1444	1445
1398	1397	1445	1446
1399	1398	1446	1447
1400	1399	1447	1448
1401	1400	1448	1449
1402	1401	1449	1450
1403	1402	1450	1451
1404	1403	1451	1452
1405	1404	1452	1453
1406	1405	1453	1454
1407	1406	1454	1455
1408	1407	1455	1456
1409	1408	1456	1457
1410	1409	1457	1458
1411	1410	1458	1459
1412	1411	1459	1460
1413	1412	1460	1461
1414	1413	1461	1462
1415	1414	1462	1463
1416	1415	1463	1464
1417	1416	1464	1465
1418	1417	1465	1466
1419	1418	1466	1467
1420	1419	1467	1468
1421	1420	1468	1469
1422	1421	1469	1470
1423	1422	1470	1471
1424	1423	1471	1472
1425	1424	1472	1473
1426	1425	1473	1474
1427	1426	1474	1475
1428	1427	1475	1476
1429	1428	1476	1477
1430	1429	1477	1478
1431	1430	1478	1479
1432	1431	1479	1480
1433	1432	1480	1481
1434	1433	1481	1482
1435	1434	1482	1483
1436	1435	1483	1484
1437	1436	1484	1485
1438	1437	1485	1486
1439	1438	1486	1487
1440	1439	1487	1488
1442	1441	1489	1490
1443	1442	1490	1491
1444	1443	1491	1492
1445	1444	1492	1493
1446	1445	1493	1494
1447	1446	1494	1495
1448	1447	1495	1496
1449	1448	1496	1497
1450	1449	1497	1498
1451	1450	1498	1499
1452	1451	1499	1500
1453	1452	1500	1501
1454	1453	1501	1502
1455	1454	1502	1503
1456	1455	1503	1504
1457	1456	1504	1505
1458	1457	1505	1506
1459	1458	1506	1507
1460	1459	1507	1508
1461	1460	1508	1509
1462	1461	1509	1510
1463	1462	1510	1511
1464	1463	1511	1512
1465	1464	1512	1513
1466	1465	1513	1514
1467	1466	1514	1515
1468	1467	1515	1516
1469	1468	1516	1517
1470	1469	1517	1518
1471	1470	1518	1519
1472	1471	1519	1520
1473	1472	1520	1521
1474	1473	1521	1522
1475	1474	1522	1523
1476	1475	1523	1524
1477	1476	1524	1525
1478	1477	1525	1526
1479	1478	1526	1527
1480	1479	1527	1528
1481	1480	1528	1529
1482	1481	1529	1530
1483	1482	1530	1531
1484	1483	1531	1532
1485	1484	1532	1533
1486	1485	1533	1534
1487	1486	1534	1535
1488	1487	1535	1536
1490	1489	1537	1538
1491	1490	1538	1539
1492	1491	1539	1540
1493	1492	1540	1541
1494	1493	1541	1542
1495	1494	1542	1543
1496	1495	1543	1544
1497	1496	1544	1545
1498	1497	1545	1546
1499	1498	1546	1547
1500	1499	1547	1548
1501	1500	1548	1549
1502	1501	1549	1550
1503	1502	1550	1551
1504	1503	1551	1552
1505	1504	1552	1553
1506	1505	1553	1554
1507	1506	1554	1555
1508	1507	1555	1556
1509	1508	1556	1557
1510	1509	1557	1558
1511	1510	1558	1559
1512	1511	1559	1560
1513	1512	1560	1561
1514	1513	1561	1562
1515	1514	1562	1563
1516	1515	1563	1564
1517	1516	1564	1565
1518	1517	1565	1566
1519	1518	1566	1567
1520	1519	1567	1568
1521	1520	1568	1569
1522	1521	1569	1570
1523	1522	1570	1571
1524	1523	1571	1572
1525	1524	1572	1573
1526	1525	1573	1574
1527	1526	1574	1575
1528	1527	1575	1576
1529	1528	1576	1577
1530	1529	1577	1578
1531	1530	1578	1579
1532	1531	1579	1580
1533	1532	1580	1581
1534	1533	1581	1582
1535	1534	1582	1583
1536	1535	1583	1584