   0.00000000       7.56774768E-02  0.899029315    
  0.392699093       6.23063147E-02   1.20445359    
  0.785398185       5.35829179E-02   2.05518794    
   1.17809725       4.39243019E-02   3.08978462    
   1.57079637       9.11486521E-02  -1.93030679    
   1.96349537      0.180965707      -1.76722932    
   2.35619450      0.232795104      -1.84161389    
   2.74889350      0.235353038      -1.91356409    
   3.14159274      0.227710754      -1.93282163    
   3.53429198      0.235352278      -1.91356695    
   3.92699075      0.232796654      -1.84161353    
   4.31968975      0.180964813      -1.76722932    
   4.71238899       9.11468118E-02  -1.93030930    
   5.10508823       4.39240150E-02   3.08982754    
   5.49778700       5.35820685E-02   2.05519748    
   5.89048672       6.22969940E-02   1.20438993    
   0.00000000      0.105377272      0.736728013    
  0.392699093       7.65140951E-02   1.00477922    
  0.785398185       5.57011552E-02   2.15866971    
   1.17809725       5.69571480E-02  -3.08918166    
   1.57079637      0.102557600      -1.86982393    
   1.96349537      0.202590287      -1.71349418    
   2.35619450      0.255679369      -1.84302032    
   2.74889350      0.247804776      -1.95027626    
   3.14159274      0.233328119      -1.97469175    
   3.53429198      0.247805044      -1.95027578    
   3.92699075      0.255680025      -1.84302020    
   4.31968975      0.202591464      -1.71349430    
   4.71238899      0.102557518      -1.86982298    
   5.10508823       5.69571555E-02  -3.08917665    
   5.49778700       5.57003431E-02   2.15868044    
   5.89048672       7.65152276E-02   1.00479245    
   0.00000000      0.150893375      0.766377449    
  0.392699093      0.104060680      0.966423869    
  0.785398185       6.16191253E-02   2.30727696    
   1.17809725       7.59492069E-02  -2.98916006    
   1.57079637      0.109151833      -1.78418827    
   1.96349537      0.218676731      -1.61124468    
   2.35619450      0.276372254      -1.80449045    
   2.74889350      0.259559035      -1.94810963    
   3.14159274      0.237779573      -1.97388923    
   3.53429198      0.259559244      -1.94810963    
   3.92699075      0.276371717      -1.80449152    
   4.31968975      0.218676403      -1.61124611    
   4.71238899      0.109152049      -1.78419185    
   5.10508823       7.59493634E-02  -2.98916698    
   5.49778700       6.16206452E-02   2.30727148    
   5.89048672      0.104063340      0.966441810    
   0.00000000      0.199743435      0.953574717    
  0.392699093      0.136365116       1.11335886    
  0.785398185       7.19859526E-02   2.55710292    
   1.17809725      0.102335118      -2.82822752    
   1.57079637      0.107868828      -1.68637252    
   1.96349537      0.218527138      -1.45941305    
   2.35619450      0.285074830      -1.71636021    
   2.74889350      0.263817936      -1.87707651    
   3.14159274      0.235570177      -1.88912034    
   3.53429198      0.263812304      -1.87708175    
   3.92699075      0.285076290      -1.71635973    
   4.31968975      0.218526378      -1.45941329    
   4.71238899      0.107869215      -1.68637109    
   5.10508823      0.102335133      -2.82822704    
   5.49778700       7.19869509E-02   2.55708551    
   5.89048672      0.136361122       1.11334693    
   0.00000000      0.228660166       1.22382331    
  0.392699093      0.155359820       1.37113690    
  0.785398185       8.13476443E-02   2.92598224    
   1.17809725      0.127760112      -2.57412505    
   1.57079637       9.75393504E-02  -1.59971499    
   1.96349537      0.192377716      -1.30408657    
   2.35619450      0.268826038      -1.60347474    
   2.74889350      0.243865922      -1.73288810    
   3.14159274      0.210328683      -1.70241332    
   3.53429198      0.243864715      -1.73288918    
   3.92699075      0.268823296      -1.60347331    
   4.31968975      0.192377910      -1.30408740    
   4.71238899       9.75400656E-02  -1.59971666    
   5.10508823      0.127759561      -2.57412791    
   5.49778700       8.13474804E-02   2.92597914    
   5.89048672      0.155357823       1.37113583    
