   0.00000000       4.60258685E-02  -1.57517171    
  0.392699093       4.68138605E-02  -1.57509208    
  0.785398185       4.89137284E-02  -1.57489157    
   1.17809725       5.21251187E-02  -1.57462132    
   1.57079637       5.59593849E-02  -1.57434261    
   1.96349537       5.96642345E-02  -1.57409906    
   2.35619450       6.28371835E-02  -1.57391548    
   2.74889350       6.49962425E-02  -1.57380402    
   3.14159274       6.57419264E-02  -1.57376432    
   3.53429198       6.49963021E-02  -1.57380366    
   3.92699075       6.28389418E-02  -1.57391584    
   4.31968975       5.96638173E-02  -1.57409859    
   4.71238899       5.59593774E-02  -1.57434261    
   5.10508823       5.21245115E-02  -1.57462049    
   5.49778700       4.89136130E-02  -1.57489252    
   5.89048672       4.68139313E-02  -1.57509255    
   0.00000000       4.71707471E-02  -1.57987368    
  0.392699093       4.83389422E-02  -1.57963276    
  0.785398185       5.17864674E-02  -1.57899296    
   1.17809725       5.68751618E-02  -1.57818305    
   1.57079637       6.29042685E-02  -1.57739699    
   1.96349537       6.88991845E-02  -1.57674944    
   2.35619450       7.40120932E-02  -1.57628262    
   2.74889350       7.74058551E-02  -1.57600367    
   3.14159274       7.85714313E-02  -1.57591546    
   3.53429198       7.74061903E-02  -1.57600486    
   3.92699075       7.40129203E-02  -1.57628405    
   4.31968975       6.88994527E-02  -1.57674956    
   4.71238899       6.29041195E-02  -1.57739711    
   5.10508823       5.68750352E-02  -1.57818210    
   5.49778700       5.17870858E-02  -1.57899320    
   5.89048672       4.83373776E-02  -1.57963204    
   0.00000000       4.53852601E-02  -1.58854485    
  0.392699093       4.71801199E-02  -1.58780074    
  0.785398185       5.22495694E-02  -1.58596814    
   1.17809725       5.97779416E-02  -1.58381951    
   1.57079637       6.86796010E-02  -1.58188701    
   1.96349537       7.75764361E-02  -1.58040082    
   2.35619450       8.50947425E-02  -1.57938790    
   2.74889350       9.01284292E-02  -1.57880247    
   3.14159274       9.18920934E-02  -1.57861209    
   3.53429198       9.01252329E-02  -1.57880270    
   3.92699075       8.50941092E-02  -1.57938766    
   4.31968975       7.75763392E-02  -1.58040106    
   4.71238899       6.86796606E-02  -1.58188665    
   5.10508823       5.97781129E-02  -1.58381820    
   5.49778700       5.22493981E-02  -1.58596909    
   5.89048672       4.71799448E-02  -1.58780074    
   0.00000000       4.08814512E-02  -1.60479558    
  0.392699093       4.33750190E-02  -1.60262322    
  0.785398185       5.04243821E-02  -1.59763968    
   1.17809725       6.09836541E-02  -1.59233665    
   1.57079637       7.33696818E-02  -1.58804965    
   1.96349537       8.57750475E-02  -1.58500791    
   2.35619450       9.62279066E-02  -1.58304560    
   2.74889350      0.103207737      -1.58195925    
   3.14159274      0.105657786      -1.58161044    
   3.53429198      0.103207983      -1.58195913    
   3.92699075       9.62277055E-02  -1.58304513    
   4.31968975       8.57753456E-02  -1.58500755    
   4.71238899       7.33696893E-02  -1.58804917    
   5.10508823       6.09829500E-02  -1.59233677    
   5.49778700       5.04242145E-02  -1.59764028    
   5.89048672       4.33743559E-02  -1.60262632    
   0.00000000       3.38094570E-02  -1.63755560    
  0.392699093       3.71087678E-02  -1.63097906    
  0.785398185       4.65546213E-02  -1.61734128    
   1.17809725       6.06045984E-02  -1.60491002    
   1.57079637       7.70975053E-02  -1.59608805    
   1.96349537       9.35585052E-02  -1.59039330    
   2.35619450      0.107438974      -1.58693969    
   2.74889350      0.116680183      -1.58508873    
   3.14159274      0.119928129      -1.58450961    
   3.53429198      0.116695285      -1.58509052    
   3.92699075      0.107437730      -1.58693981    
   4.31968975       9.35586169E-02  -1.59039330    
   4.71238899       7.70975724E-02  -1.59608817    
   5.10508823       6.06049001E-02  -1.60490978    
   5.49778700       4.65543196E-02  -1.61734164    
   5.89048672       3.71253937E-02  -1.63096225    
   0.00000000       2.45981477E-02  -1.71384037    
  0.392699093       2.88141258E-02  -1.69098866    
  0.785398185       4.08847556E-02  -1.65181434    
   1.17809725       5.88925779E-02  -1.62327731    
   1.57079637       8.00348967E-02  -1.60617268    
   1.96349537      0.101041824      -1.59625363    
   2.35619450      0.118751094      -1.59061027    
   2.74889350      0.130517468      -1.58769679    
   3.14159274      0.134644553      -1.58679855    
   3.53429198      0.130518287      -1.58769667    
   3.92699075      0.118749917      -1.59061027    
   4.31968975      0.101042069      -1.59625375    
   4.71238899       8.00349116E-02  -1.60617280    
   5.10508823       5.88929690E-02  -1.62327695    
   5.49778700       4.08851095E-02  -1.65181375    
   5.89048672       2.88140140E-02  -1.69098926    
   0.00000000       1.40763307E-02  -1.95580053    
  0.392699093       1.90864969E-02  -1.84578788    
  0.785398185       3.38456295E-02  -1.71569109    
   1.17809725       5.61500788E-02  -1.65002561    
   1.57079637       8.23523030E-02  -1.61843991    
   1.96349537      0.108322792      -1.60218251    
   2.35619450      0.130160555      -1.59351015    
   2.74889350      0.144652069      -1.58918822    
   3.14159274      0.149716243      -1.58787251    
   3.53429198      0.144660726      -1.58918965    
   3.92699075      0.130160719      -1.59351027    
   4.31968975      0.108323745      -1.60218143    
   4.71238899       8.23523402E-02  -1.61843967    
   5.10508823       5.61504327E-02  -1.65002561    
   5.49778700       3.38463895E-02  -1.71568787    
   5.89048672       1.90931484E-02  -1.84571528    
   0.00000000       7.79110659E-03  -3.10642600    
  0.392699093       1.01700015E-02  -2.41363335    
  0.785398185       2.61052605E-02  -1.84384787    
   1.17809725       5.27234115E-02  -1.68891084    
   1.57079637       8.42348337E-02  -1.63301671    
   1.96349537      0.115442164      -1.60773158    
   2.35619450      0.141595602      -1.59507167    
   2.74889350      0.158911645      -1.58894956    
   3.14159274      0.164963454      -1.58710563    
   3.53429198      0.158911586      -1.58894968    
   3.92699075      0.141595349      -1.59507167    
   4.31968975      0.115441293      -1.60773134    
   4.71238899       8.42347667E-02  -1.63301659    
   5.10508823       5.27234599E-02  -1.68891132    
   5.49778700       2.61052903E-02  -1.84384692    
   5.89048672       1.01698721E-02  -2.41364765    
   0.00000000       1.74912885E-02   2.26816893    
  0.392699093       1.22924987E-02   2.66013074    
  0.785398185       1.89055745E-02  -2.12398338    
   1.17809725       4.90280874E-02  -1.74491727    
   1.57079637       8.59026834E-02  -1.64999747    
   1.96349537      0.122394785      -1.61247027    
   2.35619450      0.152875870      -1.59474492    
   2.74889350      0.172989443      -1.58641005    
   3.14159274      0.180007890      -1.58392417    
   3.53429198      0.172987759      -1.58641005    
   3.92699075      0.152876467      -1.59474456    
   4.31968975      0.122394539      -1.61247027    
   4.71238899       8.59027058E-02  -1.64999747    
   5.10508823       4.90278192E-02  -1.74491823    
   5.49778700       1.89049337E-02  -2.12400484    
   5.89048672       1.22923395E-02   2.66014719    
   0.00000000       3.16925384E-02   2.09515738    
  0.392699093       2.39887610E-02   2.26323485    
  0.785398185       1.53570408E-02  -2.67894816    
   1.17809725       4.55504507E-02  -1.82354152    
   1.57079637       8.74840692E-02  -1.66945279    
   1.96349537      0.129095629      -1.61608303    
   2.35619450      0.163708851      -1.59214342    
   2.74889350      0.186463624      -1.58111954    
   3.14159274      0.194381341      -1.57786500    
   3.53429198      0.186462566      -1.58111954    
   3.92699075      0.163708717      -1.59214330    
   4.31968975      0.129095420      -1.61608291    
   4.71238899       8.74840766E-02  -1.66945279    
   5.10508823       4.55513112E-02  -1.82354009    
   5.49778700       1.53570399E-02  -2.67894673    
   5.89048672       2.39885543E-02   2.26323915    
   0.00000000       4.65545729E-02   2.06028008    
  0.392699093       3.73338908E-02   2.16940045    
  0.785398185       1.87243484E-02   3.03360868    
   1.17809725       4.28702720E-02  -1.92806375    
   1.57079637       8.91157240E-02  -1.69139898    
   1.96349537      0.135375738      -1.61848521    
   2.35619450      0.173682868      -1.58713496    
   2.74889350      0.198742628      -1.57292211    
   3.14159274      0.207439572      -1.56874597    
   3.53429198      0.198742509      -1.57292211    
   3.92699075      0.173683450      -1.58713496    
   4.31968975      0.135376766      -1.61848521    
   4.71238899       8.91157165E-02  -1.69139898    
   5.10508823       4.28701937E-02  -1.92806435    
   5.49778700       1.87243726E-02   3.03360915    
   5.89048672       3.73347290E-02   2.16938996    
   0.00000000       6.11189082E-02   2.07206011    
  0.392699093       5.06559201E-02   2.15958858    
  0.785398185       2.65417248E-02   2.75750065    
   1.17809725       4.16030437E-02  -2.05425262    
   1.57079637       9.08870250E-02  -1.71576869    
   1.96349537      0.140987709      -1.61995733    
   2.35619450      0.182258070      -1.57999575    
   2.74889350      0.209092692      -1.56204379    
   3.14159274      0.218364298      -1.55678022    
   3.53429198      0.209092110      -1.56204379    
   3.92699075      0.182258442      -1.57999551    
   4.31968975      0.140987560      -1.61995757    
   4.71238899       9.08869877E-02  -1.71576869    
   5.10508823       4.16030735E-02  -2.05425382    
   5.49778700       2.65417453E-02   2.75750136    
   5.89048672       5.06560877E-02   2.15958476    
   0.00000000       7.46712238E-02   2.10737300    
  0.392699093       6.31512105E-02   2.18643951    
  0.785398185       3.55876312E-02   2.66514015    
   1.17809725       4.22337949E-02  -2.18625498    
   1.57079637       9.28693190E-02  -1.74238229    
   1.96349537      0.145638525      -1.62127006    
   2.35619450      0.188837007      -1.57157516    
   2.74889350      0.216696486      -1.54929960    
   3.14159274      0.226281807      -1.54275787    
   3.53429198      0.216698050      -1.54929984    
   3.92699075      0.188836634      -1.57157540    
   4.31968975      0.145638660      -1.62126982    
   4.71238899       9.28693414E-02  -1.74238217    
   5.10508823       4.22341786E-02  -2.18624997    
   5.49778700       3.55875529E-02   2.66514015    
   5.89048672       6.31522313E-02   2.18643761    
   0.00000000       8.65671784E-02   2.15669680    
  0.392699093       7.42000043E-02   2.23354793    
  0.785398185       4.44339179E-02   2.65895844    
   1.17809725       4.48782109E-02  -2.30170536    
   1.57079637       9.50949192E-02  -1.77091384    
   1.96349537      0.149026752      -1.62372828    
   2.35619450      0.192813590      -1.56338871    
   2.74889350      0.220758662      -1.53619647    
   3.14159274      0.230308697      -1.52816999    
   3.53429198      0.220758662      -1.53619647    
   3.92699075      0.192813694      -1.56338871    
   4.31968975      0.149027243      -1.62372816    
   4.71238899       9.50948671E-02  -1.77091408    
   5.10508823       4.48782332E-02  -2.30170560    
   5.49778700       4.44338657E-02   2.65895987    
   5.89048672       7.41986483E-02   2.23355842    
   0.00000000       9.62657928E-02   2.21432924    
  0.392699093       8.32846239E-02   2.29277992    
  0.785398185       5.23896031E-02   2.69755745    
   1.17809725       4.92420830E-02  -2.38423371    
   1.57079637       9.75771770E-02  -1.80087698    
   1.96349537      0.150934786      -1.62912166    
   2.35619450      0.193737641      -1.55763257    
   2.74889350      0.220653966      -1.52499235    
   3.14159274      0.229772195      -1.51527643    
   3.53429198      0.220655560      -1.52499211    
   3.92699075      0.193737715      -1.55763245    
   4.31968975      0.150934756      -1.62912154    
   4.71238899       9.75771397E-02  -1.80087698    
   5.10508823       4.92421053E-02  -2.38423324    
   5.49778700       5.23896143E-02   2.69755888    
   5.89048672       8.32860917E-02   2.29277301    
   0.00000000      0.103428610       2.27555299    
  0.392699093       9.00866687E-02   2.35836887    
  0.785398185       5.90721481E-02   2.76134968    
   1.17809725       5.47701232E-02  -2.43032050    
   1.57079637      0.100291811      -1.83160448    
   1.96349537      0.151271760      -1.63944888    
   2.35619450      0.191389591      -1.55701709    
   2.74889350      0.216071680      -1.51859272    
   3.14159274      0.224319160      -1.50701714    
   3.53429198      0.216072828      -1.51859176    
   3.92699075      0.191389665      -1.55701697    
   4.31968975      0.151271820      -1.63944888    
   4.71238899      0.100291811      -1.83160472    
   5.10508823       5.47701120E-02  -2.43032098    
   5.49778700       5.90721294E-02   2.76134920    
   5.89048672       9.00869817E-02   2.35836530    
   0.00000000      0.107982501       2.33619499    
  0.392699093       9.45098996E-02   2.42573309    
  0.785398185       6.43093735E-02   2.83939624    
   1.17809725       6.08839877E-02  -2.44544196    
   1.57079637      0.103193171      -1.86225605    
   1.96349537      0.150129512      -1.65654242    
   2.35619450      0.185882196      -1.56450081    
   2.74889350      0.207121521      -1.52039051    
   3.14159274      0.214059591      -1.50689828    
   3.53429198      0.207120895      -1.52039194    
   3.92699075      0.185881943      -1.56450093    
   4.31968975      0.150130153      -1.65654290    
   4.71238899      0.103193268      -1.86225581    
   5.10508823       6.08844161E-02  -2.44542122    
   5.49778700       6.43092319E-02   2.83939552    
   5.89048672       9.45088789E-02   2.42574048    
   0.00000000      0.110143967       2.39255619    
  0.392699093       9.67174992E-02   2.49096274    
  0.785398185       6.81119785E-02   2.92439079    
   1.17809725       6.70924187E-02  -2.43816900    
   1.57079637      0.106190316      -1.89185691    
   1.96349537      0.147738382      -1.68159974    
   2.35619450      0.177620873      -1.58291471    
   2.74889350      0.194304973      -1.53407812    
   3.14159274      0.199530557      -1.51886594    
   3.53429198      0.194305837      -1.53407776    
   3.92699075      0.177620724      -1.58291471    
   4.31968975      0.147738874      -1.68159759    
   4.71238899      0.106190316      -1.89185691    
   5.10508823       6.70923367E-02  -2.43817019    
   5.49778700       6.81119636E-02   2.92439294    
   5.89048672       9.67177302E-02   2.49096322    
   0.00000000      0.110364676       2.44177079    
  0.392699093       9.70790982E-02   2.55102348    
  0.785398185       7.06280395E-02   3.01134658    
   1.17809725       7.30307251E-02  -2.41637349    
   1.57079637      0.109149501      -1.91934538    
   1.96349537      0.144390896      -1.71485388    
   2.35619450      0.167224616      -1.61471605    
   2.74889350      0.178443879      -1.56365860    
   3.14159274      0.181618348      -1.54746592    
   3.53429198      0.178444669      -1.56365800    
   3.92699075      0.167224795      -1.61471593    
   4.31968975      0.144391328      -1.71485114    
   4.71238899      0.109149516      -1.91934538    
   5.10508823       7.30306283E-02  -2.41638017    
   5.49778700       7.06280917E-02   3.01134729    
   5.89048672       9.70794633E-02   2.55102563    
   0.00000000      0.109241866       2.48208499    
  0.392699093       9.60939676E-02   2.60392833    
  0.785398185       7.20912665E-02   3.09676337    
   1.17809725       7.84415454E-02  -2.38606572    
   1.57079637      0.111874186      -1.94368863    
   1.96349537      0.140343025      -1.75548410    
   2.35619450      0.155392289      -1.66183734    
   2.74889350      0.160550579      -1.61370158    
   3.14159274      0.161450103      -1.59833610    
   3.53429198      0.160550818      -1.61370146    
   3.92699075      0.155392364      -1.66183734    
   4.31968975      0.140342236      -1.75548446    
   4.71238899      0.111874178      -1.94368887    
   5.10508823       7.84414783E-02  -2.38607216    
   5.49778700       7.20913038E-02   3.09676385    
   5.89048672       9.60939005E-02   2.60392809    