                    2          1
             1              -5.0000000             -10.0000000              -5.0000000
             2              -5.0000000             -10.0000000              -4.1666665
             3              -5.0000000             -10.0000000              -3.3333335
             4              -5.0000000             -10.0000000              -2.5000000
             5              -5.0000000             -10.0000000              -1.6666667
             6              -5.0000000             -10.0000000              -0.8333335
             7              -5.0000000             -10.0000000               0.0000000
             8              -5.0000000              -9.1666670              -5.0000000
             9              -5.0000000              -9.1666670              -4.1666665
            10              -5.0000000              -9.1666670              -3.3333335
            11              -5.0000000              -9.1666670              -2.5000000
            12              -5.0000000              -9.1666670              -1.6666667
            13              -5.0000000              -9.1666670              -0.8333335
            14              -5.0000000              -9.1666670               0.0000000
            15              -5.0000000              -8.3333330              -5.0000000
            16              -5.0000000              -8.3333330              -4.1666665
            17              -5.0000000              -8.3333330              -3.3333335
            18              -5.0000000              -8.3333330              -2.5000000
            19              -5.0000000              -8.3333330              -1.6666667
            20              -5.0000000              -8.3333330              -0.8333335
            21              -5.0000000              -8.3333330               0.0000000
            22              -5.0000000              -7.5000000              -5.0000000
            23              -5.0000000              -7.5000000              -4.1666665
            24              -5.0000000              -7.5000000              -3.3333335
            25              -5.0000000              -7.5000000              -2.5000000
            26              -5.0000000              -7.5000000              -1.6666667
            27              -5.0000000              -7.5000000              -0.8333335
            28              -5.0000000              -7.5000000               0.0000000
            29              -5.0000000              -6.6666670              -5.0000000
            30              -5.0000000              -6.6666670              -4.1666665
            31              -5.0000000              -6.6666670              -3.3333335
            32              -5.0000000              -6.6666670              -2.5000000
            33              -5.0000000              -6.6666670              -1.6666667
            34              -5.0000000              -6.6666670              -0.8333335
            35              -5.0000000              -6.6666670               0.0000000
            36              -5.0000000              -5.8333335              -5.0000000
            37              -5.0000000              -5.8333335              -4.1666665
            38              -5.0000000              -5.8333335              -3.3333335
            39              -5.0000000              -5.8333335              -2.5000000
            40              -5.0000000              -5.8333335              -1.6666667
            41              -5.0000000              -5.8333335              -0.8333335
            42              -5.0000000              -5.8333335               0.0000000
            43              -5.0000000              -5.0000000              -5.0000000
            44              -5.0000000              -5.0000000              -4.1666665
            45              -5.0000000              -5.0000000              -3.3333335
            46              -5.0000000              -5.0000000              -2.5000000
            47              -5.0000000              -5.0000000              -1.6666667
            48              -5.0000000              -5.0000000              -0.8333335
            49              -5.0000000              -5.0000000               0.0000000
            50              -5.0000000              -4.1666665              -5.0000000
            51              -5.0000000              -4.1666665              -4.1666665
            52              -5.0000000              -4.1666665              -3.3333335
            53              -5.0000000              -4.1666665              -2.5000000
            54              -5.0000000              -4.1666665              -1.6666667
            55              -5.0000000              -4.1666665              -0.8333335
            56              -5.0000000              -4.1666665               0.0000000
            57              -5.0000000              -3.3333335              -5.0000000
            58              -5.0000000              -3.3333335              -4.1666665
            59              -5.0000000              -3.3333335              -3.3333335
            60              -5.0000000              -3.3333335              -2.5000000
            61              -5.0000000              -3.3333335              -1.6666667
            62              -5.0000000              -3.3333335              -0.8333335
            63              -5.0000000              -3.3333335               0.0000000
            64              -5.0000000              -2.5000000              -5.0000000
            65              -5.0000000              -2.5000000              -4.1666665
            66              -5.0000000              -2.5000000              -3.3333335
            67              -5.0000000              -2.5000000              -2.5000000
            68              -5.0000000              -2.5000000              -1.6666667
            69              -5.0000000              -2.5000000              -0.8333335
            70              -5.0000000              -2.5000000               0.0000000
            71              -5.0000000              -1.6666670              -5.0000000
            72              -5.0000000              -1.6666670              -4.1666665
            73              -5.0000000              -1.6666670              -3.3333335
            74              -5.0000000              -1.6666670              -2.5000000
            75              -5.0000000              -1.6666670              -1.6666667
            76              -5.0000000              -1.6666670              -0.8333335
            77              -5.0000000              -1.6666670               0.0000000
            78              -5.0000000              -0.8333330              -5.0000000
            79              -5.0000000              -0.8333330              -4.1666665
            80              -5.0000000              -0.8333330              -3.3333335
            81              -5.0000000              -0.8333330              -2.5000000
            82              -5.0000000              -0.8333330              -1.6666667
            83              -5.0000000              -0.8333330              -0.8333335
            84              -5.0000000              -0.8333330               0.0000000
            85              -5.0000000               0.0000000              -5.0000000
            86              -5.0000000               0.0000000              -4.1666665
            87              -5.0000000               0.0000000              -3.3333335
            88              -5.0000000               0.0000000              -2.5000000
            89              -5.0000000               0.0000000              -1.6666667
            90              -5.0000000               0.0000000              -0.8333335
            91              -5.0000000               0.0000000               0.0000000
            92              -5.0000000               0.0000000              -5.0000000
            93              -4.1666665               0.0000000              -5.0000000
            94              -3.3333335               0.0000000              -5.0000000
            95              -2.5000000               0.0000000              -5.0000000
            96              -1.6666667               0.0000000              -5.0000000
            97              -0.8333335               0.0000000              -5.0000000
            98               0.0000000               0.0000000              -5.0000000
            99               0.8333335               0.0000000              -5.0000000
           100               1.6666665               0.0000000              -5.0000000
           101               2.5000000               0.0000000              -5.0000000
           102               3.3333330               0.0000000              -5.0000000
           103               4.1666670               0.0000000              -5.0000000
           104               5.0000000               0.0000000              -5.0000000
           105              -5.0000000              -0.8333333              -5.0000000
           106              -4.1666665              -0.8333333              -5.0000000
           107              -3.3333335              -0.8333333              -5.0000000
           108              -2.5000000              -0.8333333              -5.0000000
           109              -1.6666667              -0.8333333              -5.0000000
           110              -0.8333335              -0.8333333              -5.0000000
           111               0.0000000              -0.8333333              -5.0000000
           112               0.8333335              -0.8333333              -5.0000000
           113               1.6666665              -0.8333333              -5.0000000
           114               2.5000000              -0.8333333              -5.0000000
           115               3.3333330              -0.8333333              -5.0000000
           116               4.1666670              -0.8333333              -5.0000000
           117               5.0000000              -0.8333333              -5.0000000
           118              -5.0000000              -1.6666666              -5.0000000
           119              -4.1666665              -1.6666666              -5.0000000
           120              -3.3333335              -1.6666666              -5.0000000
           121              -2.5000000              -1.6666666              -5.0000000
           122              -1.6666667              -1.6666666              -5.0000000
           123              -0.8333335              -1.6666666              -5.0000000
           124               0.0000000              -1.6666666              -5.0000000
           125               0.8333335              -1.6666666              -5.0000000
           126               1.6666665              -1.6666666              -5.0000000
           127               2.5000000              -1.6666666              -5.0000000
           128               3.3333330              -1.6666666              -5.0000000
           129               4.1666670              -1.6666666              -5.0000000
           130               5.0000000              -1.6666666              -5.0000000
           131              -5.0000000              -2.5000000              -5.0000000
           132              -4.1666665              -2.5000000              -5.0000000
           133              -3.3333335              -2.5000000              -5.0000000
           134              -2.5000000              -2.5000000              -5.0000000
           135              -1.6666667              -2.5000000              -5.0000000
           136              -0.8333335              -2.5000000              -5.0000000
           137               0.0000000              -2.5000000              -5.0000000
           138               0.8333335              -2.5000000              -5.0000000
           139               1.6666665              -2.5000000              -5.0000000
           140               2.5000000              -2.5000000              -5.0000000
           141               3.3333330              -2.5000000              -5.0000000
           142               4.1666670              -2.5000000              -5.0000000
           143               5.0000000              -2.5000000              -5.0000000
           144              -5.0000000              -3.3333333              -5.0000000
           145              -4.1666665              -3.3333333              -5.0000000
           146              -3.3333335              -3.3333333              -5.0000000
           147              -2.5000000              -3.3333333              -5.0000000
           148              -1.6666667              -3.3333333              -5.0000000
           149              -0.8333335              -3.3333333              -5.0000000
           150               0.0000000              -3.3333333              -5.0000000
           151               0.8333335              -3.3333333              -5.0000000
           152               1.6666665              -3.3333333              -5.0000000
           153               2.5000000              -3.3333333              -5.0000000
           154               3.3333330              -3.3333333              -5.0000000
           155               4.1666670              -3.3333333              -5.0000000
           156               5.0000000              -3.3333333              -5.0000000
           157              -5.0000000              -4.1666665              -5.0000000
           158              -4.1666665              -4.1666665              -5.0000000
           159              -3.3333335              -4.1666665              -5.0000000
           160              -2.5000000              -4.1666665              -5.0000000
           161              -1.6666667              -4.1666665              -5.0000000
           162              -0.8333335              -4.1666665              -5.0000000
           163               0.0000000              -4.1666665              -5.0000000
           164               0.8333335              -4.1666665              -5.0000000
           165               1.6666665              -4.1666665              -5.0000000
           166               2.5000000              -4.1666665              -5.0000000
           167               3.3333330              -4.1666665              -5.0000000
           168               4.1666670              -4.1666665              -5.0000000
           169               5.0000000              -4.1666665              -5.0000000
           170              -5.0000000              -5.0000000              -5.0000000
           171              -4.1666665              -5.0000000              -5.0000000
           172              -3.3333335              -5.0000000              -5.0000000
           173              -2.5000000              -5.0000000              -5.0000000
           174              -1.6666667              -5.0000000              -5.0000000
           175              -0.8333335              -5.0000000              -5.0000000
           176               0.0000000              -5.0000000              -5.0000000
           177               0.8333335              -5.0000000              -5.0000000
           178               1.6666665              -5.0000000              -5.0000000
           179               2.5000000              -5.0000000              -5.0000000
           180               3.3333330              -5.0000000              -5.0000000
           181               4.1666670              -5.0000000              -5.0000000
           182               5.0000000              -5.0000000              -5.0000000
           183              -5.0000000              -5.8333335              -5.0000000
           184              -4.1666665              -5.8333335              -5.0000000
           185              -3.3333335              -5.8333335              -5.0000000
           186              -2.5000000              -5.8333335              -5.0000000
           187              -1.6666667              -5.8333335              -5.0000000
           188              -0.8333335              -5.8333335              -5.0000000
           189               0.0000000              -5.8333335              -5.0000000
           190               0.8333335              -5.8333335              -5.0000000
           191               1.6666665              -5.8333335              -5.0000000
           192               2.5000000              -5.8333335              -5.0000000
           193               3.3333330              -5.8333335              -5.0000000
           194               4.1666670              -5.8333335              -5.0000000
           195               5.0000000              -5.8333335              -5.0000000
           196              -5.0000000              -6.6666665              -5.0000000
           197              -4.1666665              -6.6666665              -5.0000000
           198              -3.3333335              -6.6666665              -5.0000000
           199              -2.5000000              -6.6666665              -5.0000000
           200              -1.6666667              -6.6666665              -5.0000000
           201              -0.8333335              -6.6666665              -5.0000000
           202               0.0000000              -6.6666665              -5.0000000
           203               0.8333335              -6.6666665              -5.0000000
           204               1.6666665              -6.6666665              -5.0000000
           205               2.5000000              -6.6666665              -5.0000000
           206               3.3333330              -6.6666665              -5.0000000
           207               4.1666670              -6.6666665              -5.0000000
           208               5.0000000              -6.6666665              -5.0000000
           209              -5.0000000              -7.5000000              -5.0000000
           210              -4.1666665              -7.5000000              -5.0000000
           211              -3.3333335              -7.5000000              -5.0000000
           212              -2.5000000              -7.5000000              -5.0000000
           213              -1.6666667              -7.5000000              -5.0000000
           214              -0.8333335              -7.5000000              -5.0000000
           215               0.0000000              -7.5000000              -5.0000000
           216               0.8333335              -7.5000000              -5.0000000
           217               1.6666665              -7.5000000              -5.0000000
           218               2.5000000              -7.5000000              -5.0000000
           219               3.3333330              -7.5000000              -5.0000000
           220               4.1666670              -7.5000000              -5.0000000
           221               5.0000000              -7.5000000              -5.0000000
           222              -5.0000000              -8.3333330              -5.0000000
           223              -4.1666665              -8.3333330              -5.0000000
           224              -3.3333335              -8.3333330              -5.0000000
           225              -2.5000000              -8.3333330              -5.0000000
           226              -1.6666667              -8.3333330              -5.0000000
           227              -0.8333335              -8.3333330              -5.0000000
           228               0.0000000              -8.3333330              -5.0000000
           229               0.8333335              -8.3333330              -5.0000000
           230               1.6666665              -8.3333330              -5.0000000
           231               2.5000000              -8.3333330              -5.0000000
           232               3.3333330              -8.3333330              -5.0000000
           233               4.1666670              -8.3333330              -5.0000000
           234               5.0000000              -8.3333330              -5.0000000
           235              -5.0000000              -9.1666670              -5.0000000
           236              -4.1666665              -9.1666670              -5.0000000
           237              -3.3333335              -9.1666670              -5.0000000
           238              -2.5000000              -9.1666670              -5.0000000
           239              -1.6666667              -9.1666670              -5.0000000
           240              -0.8333335              -9.1666670              -5.0000000
           241               0.0000000              -9.1666670              -5.0000000
           242               0.8333335              -9.1666670              -5.0000000
           243               1.6666665              -9.1666670              -5.0000000
           244               2.5000000              -9.1666670              -5.0000000
           245               3.3333330              -9.1666670              -5.0000000
           246               4.1666670              -9.1666670              -5.0000000
           247               5.0000000              -9.1666670              -5.0000000
           248              -5.0000000             -10.0000000              -5.0000000
           249              -4.1666665             -10.0000000              -5.0000000
           250              -3.3333335             -10.0000000              -5.0000000
           251              -2.5000000             -10.0000000              -5.0000000
           252              -1.6666667             -10.0000000              -5.0000000
           253              -0.8333335             -10.0000000              -5.0000000
           254               0.0000000             -10.0000000              -5.0000000
           255               0.8333335             -10.0000000              -5.0000000
           256               1.6666665             -10.0000000              -5.0000000
           257               2.5000000             -10.0000000              -5.0000000
           258               3.3333330             -10.0000000              -5.0000000
           259               4.1666670             -10.0000000              -5.0000000
           260               5.0000000             -10.0000000              -5.0000000
           261               5.0000000               0.0000000               0.0000000
           262               5.0000000              -0.8333333               0.0000000
           263               5.0000000              -1.6666666               0.0000000
           264               5.0000000              -2.5000000               0.0000000
           265               5.0000000              -3.3333333               0.0000000
           266               5.0000000              -4.1666665               0.0000000
           267               5.0000000              -5.0000000               0.0000000
           268               5.0000000              -5.8333335               0.0000000
           269               5.0000000              -6.6666665               0.0000000
           270               5.0000000              -7.5000000               0.0000000
           271               5.0000000              -8.3333330               0.0000000
           272               5.0000000              -9.1666670               0.0000000
           273               5.0000000             -10.0000000               0.0000000
           274               5.0000000               0.0000000              -0.8333333
           275               5.0000000              -0.8333333              -0.8333333
           276               5.0000000              -1.6666666              -0.8333333
           277               5.0000000              -2.5000000              -0.8333333
           278               5.0000000              -3.3333333              -0.8333333
           279               5.0000000              -4.1666665              -0.8333333
           280               5.0000000              -5.0000000              -0.8333333
           281               5.0000000              -5.8333335              -0.8333333
           282               5.0000000              -6.6666665              -0.8333333
           283               5.0000000              -7.5000000              -0.8333333
           284               5.0000000              -8.3333330              -0.8333333
           285               5.0000000              -9.1666670              -0.8333333
           286               5.0000000             -10.0000000              -0.8333333
           287               5.0000000               0.0000000              -1.6666666
           288               5.0000000              -0.8333333              -1.6666666
           289               5.0000000              -1.6666666              -1.6666666
           290               5.0000000              -2.5000000              -1.6666666
           291               5.0000000              -3.3333333              -1.6666666
           292               5.0000000              -4.1666665              -1.6666666
           293               5.0000000              -5.0000000              -1.6666666
           294               5.0000000              -5.8333335              -1.6666666
           295               5.0000000              -6.6666665              -1.6666666
           296               5.0000000              -7.5000000              -1.6666666
           297               5.0000000              -8.3333330              -1.6666666
           298               5.0000000              -9.1666670              -1.6666666
           299               5.0000000             -10.0000000              -1.6666666
           300               5.0000000               0.0000000              -2.5000000
           301               5.0000000              -0.8333333              -2.5000000
           302               5.0000000              -1.6666666              -2.5000000
           303               5.0000000              -2.5000000              -2.5000000
           304               5.0000000              -3.3333333              -2.5000000
           305               5.0000000              -4.1666665              -2.5000000
           306               5.0000000              -5.0000000              -2.5000000
           307               5.0000000              -5.8333335              -2.5000000
           308               5.0000000              -6.6666665              -2.5000000
           309               5.0000000              -7.5000000              -2.5000000
           310               5.0000000              -8.3333330              -2.5000000
           311               5.0000000              -9.1666670              -2.5000000
           312               5.0000000             -10.0000000              -2.5000000
           313               5.0000000               0.0000000              -3.3333333
           314               5.0000000              -0.8333333              -3.3333333
           315               5.0000000              -1.6666666              -3.3333333
           316               5.0000000              -2.5000000              -3.3333333
           317               5.0000000              -3.3333333              -3.3333333
           318               5.0000000              -4.1666665              -3.3333333
           319               5.0000000              -5.0000000              -3.3333333
           320               5.0000000              -5.8333335              -3.3333333
           321               5.0000000              -6.6666665              -3.3333333
           322               5.0000000              -7.5000000              -3.3333333
           323               5.0000000              -8.3333330              -3.3333333
           324               5.0000000              -9.1666670              -3.3333333
           325               5.0000000             -10.0000000              -3.3333333
           326               5.0000000               0.0000000              -4.1666665
           327               5.0000000              -0.8333333              -4.1666665
           328               5.0000000              -1.6666666              -4.1666665
           329               5.0000000              -2.5000000              -4.1666665
           330               5.0000000              -3.3333333              -4.1666665
           331               5.0000000              -4.1666665              -4.1666665
           332               5.0000000              -5.0000000              -4.1666665
           333               5.0000000              -5.8333335              -4.1666665
           334               5.0000000              -6.6666665              -4.1666665
           335               5.0000000              -7.5000000              -4.1666665
           336               5.0000000              -8.3333330              -4.1666665
           337               5.0000000              -9.1666670              -4.1666665
           338               5.0000000             -10.0000000              -4.1666665
           339               5.0000000               0.0000000              -5.0000000
           340               5.0000000              -0.8333333              -5.0000000
           341               5.0000000              -1.6666666              -5.0000000
           342               5.0000000              -2.5000000              -5.0000000
           343               5.0000000              -3.3333333              -5.0000000
           344               5.0000000              -4.1666665              -5.0000000
           345               5.0000000              -5.0000000              -5.0000000
           346               5.0000000              -5.8333335              -5.0000000
           347               5.0000000              -6.6666665              -5.0000000
           348               5.0000000              -7.5000000              -5.0000000
           349               5.0000000              -8.3333330              -5.0000000
           350               5.0000000              -9.1666670              -5.0000000
           351               5.0000000             -10.0000000              -5.0000000
           352               5.0000000             -10.0000000              -5.0000000
           353               5.0000000             -10.0000000              -4.1666665
           354               5.0000000             -10.0000000              -3.3333335
           355               5.0000000             -10.0000000              -2.5000000
           356               5.0000000             -10.0000000              -1.6666667
           357               5.0000000             -10.0000000              -0.8333335
           358               5.0000000             -10.0000000               0.0000000
           359               4.1666665             -10.0000000              -5.0000000
           360               4.1666665             -10.0000000              -4.1666665
           361               4.1666665             -10.0000000              -3.3333335
           362               4.1666665             -10.0000000              -2.5000000
           363               4.1666665             -10.0000000              -1.6666667
           364               4.1666665             -10.0000000              -0.8333335
           365               4.1666665             -10.0000000               0.0000000
           366               3.3333335             -10.0000000              -5.0000000
           367               3.3333335             -10.0000000              -4.1666665
           368               3.3333335             -10.0000000              -3.3333335
           369               3.3333335             -10.0000000              -2.5000000
           370               3.3333335             -10.0000000              -1.6666667
           371               3.3333335             -10.0000000              -0.8333335
           372               3.3333335             -10.0000000               0.0000000
           373               2.5000000             -10.0000000              -5.0000000
           374               2.5000000             -10.0000000              -4.1666665
           375               2.5000000             -10.0000000              -3.3333335
           376               2.5000000             -10.0000000              -2.5000000
           377               2.5000000             -10.0000000              -1.6666667
           378               2.5000000             -10.0000000              -0.8333335
           379               2.5000000             -10.0000000               0.0000000
           380               1.6666667             -10.0000000              -5.0000000
           381               1.6666667             -10.0000000              -4.1666665
           382               1.6666667             -10.0000000              -3.3333335
           383               1.6666667             -10.0000000              -2.5000000
           384               1.6666667             -10.0000000              -1.6666667
           385               1.6666667             -10.0000000              -0.8333335
           386               1.6666667             -10.0000000               0.0000000
           387               0.8333335             -10.0000000              -5.0000000
           388               0.8333335             -10.0000000              -4.1666665
           389               0.8333335             -10.0000000              -3.3333335
           390               0.8333335             -10.0000000              -2.5000000
           391               0.8333335             -10.0000000              -1.6666667
           392               0.8333335             -10.0000000              -0.8333335
           393               0.8333335             -10.0000000               0.0000000
           394               0.0000000             -10.0000000              -5.0000000
           395               0.0000000             -10.0000000              -4.1666665
           396               0.0000000             -10.0000000              -3.3333335
           397               0.0000000             -10.0000000              -2.5000000
           398               0.0000000             -10.0000000              -1.6666667
           399               0.0000000             -10.0000000              -0.8333335
           400               0.0000000             -10.0000000               0.0000000
           401              -0.8333335             -10.0000000              -5.0000000
           402              -0.8333335             -10.0000000              -4.1666665
           403              -0.8333335             -10.0000000              -3.3333335
           404              -0.8333335             -10.0000000              -2.5000000
           405              -0.8333335             -10.0000000              -1.6666667
           406              -0.8333335             -10.0000000              -0.8333335
           407              -0.8333335             -10.0000000               0.0000000
           408              -1.6666665             -10.0000000              -5.0000000
           409              -1.6666665             -10.0000000              -4.1666665
           410              -1.6666665             -10.0000000              -3.3333335
           411              -1.6666665             -10.0000000              -2.5000000
           412              -1.6666665             -10.0000000              -1.6666667
           413              -1.6666665             -10.0000000              -0.8333335
           414              -1.6666665             -10.0000000               0.0000000
           415              -2.5000000             -10.0000000              -5.0000000
           416              -2.5000000             -10.0000000              -4.1666665
           417              -2.5000000             -10.0000000              -3.3333335
           418              -2.5000000             -10.0000000              -2.5000000
           419              -2.5000000             -10.0000000              -1.6666667
           420              -2.5000000             -10.0000000              -0.8333335
           421              -2.5000000             -10.0000000               0.0000000
           422              -3.3333330             -10.0000000              -5.0000000
           423              -3.3333330             -10.0000000              -4.1666665
           424              -3.3333330             -10.0000000              -3.3333335
           425              -3.3333330             -10.0000000              -2.5000000
           426              -3.3333330             -10.0000000              -1.6666667
           427              -3.3333330             -10.0000000              -0.8333335
           428              -3.3333330             -10.0000000               0.0000000
           429              -4.1666670             -10.0000000              -5.0000000
           430              -4.1666670             -10.0000000              -4.1666665
           431              -4.1666670             -10.0000000              -3.3333335
           432              -4.1666670             -10.0000000              -2.5000000
           433              -4.1666670             -10.0000000              -1.6666667
           434              -4.1666670             -10.0000000              -0.8333335
           435              -4.1666670             -10.0000000               0.0000000
           436              -5.0000000             -10.0000000              -5.0000000
           437              -5.0000000             -10.0000000              -4.1666665
           438              -5.0000000             -10.0000000              -3.3333335
           439              -5.0000000             -10.0000000              -2.5000000
           440              -5.0000000             -10.0000000              -1.6666667
           441              -5.0000000             -10.0000000              -0.8333335
           442              -5.0000000             -10.0000000               0.0000000
           443               5.0000000             -10.0000000               0.0000000
           444               5.0000000              -9.1666670               0.0000000
           445               5.0000000              -8.3333330               0.0000000
           446               5.0000000              -7.5000000               0.0000000
           447               5.0000000              -6.6666670               0.0000000
           448               5.0000000              -5.8333335               0.0000000
           449               5.0000000              -5.0000000               0.0000000
           450               5.0000000              -4.1666665               0.0000000
           451               5.0000000              -3.3333335               0.0000000
           452               5.0000000              -2.5000000               0.0000000
           453               5.0000000              -1.6666670               0.0000000
           454               5.0000000              -0.8333330               0.0000000
           455               5.0000000               0.0000000               0.0000000
           456               4.1666665             -10.0000000               0.0000000
           457               4.1666665              -9.1666670               0.0000000
           458               4.1666665              -8.3333330               0.0000000
           459               4.1666665              -7.5000000               0.0000000
           460               4.1666665              -6.6666670               0.0000000
           461               4.1666665              -5.8333335               0.0000000
           462               4.1666665              -5.0000000               0.0000000
           463               4.1666665              -4.1666665               0.0000000
           464               4.1666665              -3.3333335               0.0000000
           465               4.1666665              -2.5000000               0.0000000
           466               4.1666665              -1.6666670               0.0000000
           467               4.1666665              -0.8333330               0.0000000
           468               4.1666665               0.0000000               0.0000000
           469               3.3333335             -10.0000000               0.0000000
           470               3.3333335              -9.1666670               0.0000000
           471               3.3333335              -8.3333330               0.0000000
           472               3.3333335              -7.5000000               0.0000000
           473               3.3333335              -6.6666670               0.0000000
           474               3.3333335              -5.8333335               0.0000000
           475               3.3333335              -5.0000000               0.0000000
           476               3.3333335              -4.1666665               0.0000000
           477               3.3333335              -3.3333335               0.0000000
           478               3.3333335              -2.5000000               0.0000000
           479               3.3333335              -1.6666670               0.0000000
           480               3.3333335              -0.8333330               0.0000000
           481               3.3333335               0.0000000               0.0000000
           482               2.5000000             -10.0000000               0.0000000
           483               2.5000000              -9.1666670               0.0000000
           484               2.5000000              -8.3333330               0.0000000
           485               2.5000000              -7.5000000               0.0000000
           486               2.5000000              -6.6666670               0.0000000
           487               2.5000000              -5.8333335               0.0000000
           488               2.5000000              -5.0000000               0.0000000
           489               2.5000000              -4.1666665               0.0000000
           490               2.5000000              -3.3333335               0.0000000
           491               2.5000000              -2.5000000               0.0000000
           492               2.5000000              -1.6666670               0.0000000
           493               2.5000000              -0.8333330               0.0000000
           494               2.5000000               0.0000000               0.0000000
           495               1.6666667             -10.0000000               0.0000000
           496               1.6666667              -9.1666670               0.0000000
           497               1.6666667              -8.3333330               0.0000000
           498               1.6666667              -7.5000000               0.0000000
           499               1.6666667              -6.6666670               0.0000000
           500               1.6666667              -5.8333335               0.0000000
           501               1.6666667              -5.0000000               0.0000000
           502               1.6666667              -4.1666665               0.0000000
           503               1.6666667              -3.3333335               0.0000000
           504               1.6666667              -2.5000000               0.0000000
           505               1.6666667              -1.6666670               0.0000000
           506               1.6666667              -0.8333330               0.0000000
           507               1.6666667               0.0000000               0.0000000
           508               0.8333335             -10.0000000               0.0000000
           509               0.8333335              -9.1666670               0.0000000
           510               0.8333335              -8.3333330               0.0000000
           511               0.8333335              -7.5000000               0.0000000
           512               0.8333335              -6.6666670               0.0000000
           513               0.8333335              -5.8333335               0.0000000
           514               0.8333335              -5.0000000               0.0000000
           515               0.8333335              -4.1666665               0.0000000
           516               0.8333335              -3.3333335               0.0000000
           517               0.8333335              -2.5000000               0.0000000
           518               0.8333335              -1.6666670               0.0000000
           519               0.8333335              -0.8333330               0.0000000
           520               0.8333335               0.0000000               0.0000000
           521               0.0000000             -10.0000000               0.0000000
           522               0.0000000              -9.1666670               0.0000000
           523               0.0000000              -8.3333330               0.0000000
           524               0.0000000              -7.5000000               0.0000000
           525               0.0000000              -6.6666670               0.0000000
           526               0.0000000              -5.8333335               0.0000000
           527               0.0000000              -5.0000000               0.0000000
           528               0.0000000              -4.1666665               0.0000000
           529               0.0000000              -3.3333335               0.0000000
           530               0.0000000              -2.5000000               0.0000000
           531               0.0000000              -1.6666670               0.0000000
           532               0.0000000              -0.8333330               0.0000000
           533               0.0000000               0.0000000               0.0000000
           534              -0.8333335             -10.0000000               0.0000000
           535              -0.8333335              -9.1666670               0.0000000
           536              -0.8333335              -8.3333330               0.0000000
           537              -0.8333335              -7.5000000               0.0000000
           538              -0.8333335              -6.6666670               0.0000000
           539              -0.8333335              -5.8333335               0.0000000
           540              -0.8333335              -5.0000000               0.0000000
           541              -0.8333335              -4.1666665               0.0000000
           542              -0.8333335              -3.3333335               0.0000000
           543              -0.8333335              -2.5000000               0.0000000
           544              -0.8333335              -1.6666670               0.0000000
           545              -0.8333335              -0.8333330               0.0000000
           546              -0.8333335               0.0000000               0.0000000
           547              -1.6666665             -10.0000000               0.0000000
           548              -1.6666665              -9.1666670               0.0000000
           549              -1.6666665              -8.3333330               0.0000000
           550              -1.6666665              -7.5000000               0.0000000
           551              -1.6666665              -6.6666670               0.0000000
           552              -1.6666665              -5.8333335               0.0000000
           553              -1.6666665              -5.0000000               0.0000000
           554              -1.6666665              -4.1666665               0.0000000
           555              -1.6666665              -3.3333335               0.0000000
           556              -1.6666665              -2.5000000               0.0000000
           557              -1.6666665              -1.6666670               0.0000000
           558              -1.6666665              -0.8333330               0.0000000
           559              -1.6666665               0.0000000               0.0000000
           560              -2.5000000             -10.0000000               0.0000000
           561              -2.5000000              -9.1666670               0.0000000
           562              -2.5000000              -8.3333330               0.0000000
           563              -2.5000000              -7.5000000               0.0000000
           564              -2.5000000              -6.6666670               0.0000000
           565              -2.5000000              -5.8333335               0.0000000
           566              -2.5000000              -5.0000000               0.0000000
           567              -2.5000000              -4.1666665               0.0000000
           568              -2.5000000              -3.3333335               0.0000000
           569              -2.5000000              -2.5000000               0.0000000
           570              -2.5000000              -1.6666670               0.0000000
           571              -2.5000000              -0.8333330               0.0000000
           572              -2.5000000               0.0000000               0.0000000
           573              -3.3333330             -10.0000000               0.0000000
           574              -3.3333330              -9.1666670               0.0000000
           575              -3.3333330              -8.3333330               0.0000000
           576              -3.3333330              -7.5000000               0.0000000
           577              -3.3333330              -6.6666670               0.0000000
           578              -3.3333330              -5.8333335               0.0000000
           579              -3.3333330              -5.0000000               0.0000000
           580              -3.3333330              -4.1666665               0.0000000
           581              -3.3333330              -3.3333335               0.0000000
           582              -3.3333330              -2.5000000               0.0000000
           583              -3.3333330              -1.6666670               0.0000000
           584              -3.3333330              -0.8333330               0.0000000
           585              -3.3333330               0.0000000               0.0000000
           586              -4.1666670             -10.0000000               0.0000000
           587              -4.1666670              -9.1666670               0.0000000
           588              -4.1666670              -8.3333330               0.0000000
           589              -4.1666670              -7.5000000               0.0000000
           590              -4.1666670              -6.6666670               0.0000000
           591              -4.1666670              -5.8333335               0.0000000
           592              -4.1666670              -5.0000000               0.0000000
           593              -4.1666670              -4.1666665               0.0000000
           594              -4.1666670              -3.3333335               0.0000000
           595              -4.1666670              -2.5000000               0.0000000
           596              -4.1666670              -1.6666670               0.0000000
           597              -4.1666670              -0.8333330               0.0000000
           598              -4.1666670               0.0000000               0.0000000
           599              -5.0000000             -10.0000000               0.0000000
           600              -5.0000000              -9.1666670               0.0000000
           601              -5.0000000              -8.3333330               0.0000000
           602              -5.0000000              -7.5000000               0.0000000
           603              -5.0000000              -6.6666670               0.0000000
           604              -5.0000000              -5.8333335               0.0000000
           605              -5.0000000              -5.0000000               0.0000000
           606              -5.0000000              -4.1666665               0.0000000
           607              -5.0000000              -3.3333335               0.0000000
           608              -5.0000000              -2.5000000               0.0000000
           609              -5.0000000              -1.6666670               0.0000000
           610              -5.0000000              -0.8333330               0.0000000
           611              -5.0000000               0.0000000               0.0000000
             0          0.00          0.00          0.00
               1               2               9               8
               2               3              10               9
               3               4              11              10
               4               5              12              11
               5               6              13              12
               6               7              14              13
               8               9              16              15
               9              10              17              16
              10              11              18              17
              11              12              19              18
              12              13              20              19
              13              14              21              20
              15              16              23              22
              16              17              24              23
              17              18              25              24
              18              19              26              25
              19              20              27              26
              20              21              28              27
              22              23              30              29
              23              24              31              30
              24              25              32              31
              25              26              33              32
              26              27              34              33
              27              28              35              34
              29              30              37              36
              30              31              38              37
              31              32              39              38
              32              33              40              39
              33              34              41              40
              34              35              42              41
              36              37              44              43
              37              38              45              44
              38              39              46              45
              39              40              47              46
              40              41              48              47
              41              42              49              48
              43              44              51              50
              44              45              52              51
              45              46              53              52
              46              47              54              53
              47              48              55              54
              48              49              56              55
              50              51              58              57
              51              52              59              58
              52              53              60              59
              53              54              61              60
              54              55              62              61
              55              56              63              62
              57              58              65              64
              58              59              66              65
              59              60              67              66
              60              61              68              67
              61              62              69              68
              62              63              70              69
              64              65              72              71
              65              66              73              72
              66              67              74              73
              67              68              75              74
              68              69              76              75
              69              70              77              76
              71              72              79              78
              72              73              80              79
              73              74              81              80
              74              75              82              81
              75              76              83              82
              76              77              84              83
              78              79              86              85
              79              80              87              86
              80              81              88              87
              81              82              89              88
              82              83              90              89
              83              84              91              90
              92              93             106             105
              93              94             107             106
              94              95             108             107
              95              96             109             108
              96              97             110             109
              97              98             111             110
              98              99             112             111
              99             100             113             112
             100             101             114             113
             101             102             115             114
             102             103             116             115
             103             104             117             116
             105             106             119             118
             106             107             120             119
             107             108             121             120
             108             109             122             121
             109             110             123             122
             110             111             124             123
             111             112             125             124
             112             113             126             125
             113             114             127             126
             114             115             128             127
             115             116             129             128
             116             117             130             129
             118             119             132             131
             119             120             133             132
             120             121             134             133
             121             122             135             134
             122             123             136             135
             123             124             137             136
             124             125             138             137
             125             126             139             138
             126             127             140             139
             127             128             141             140
             128             129             142             141
             129             130             143             142
             131             132             145             144
             132             133             146             145
             133             134             147             146
             134             135             148             147
             135             136             149             148
             136             137             150             149
             137             138             151             150
             138             139             152             151
             139             140             153             152
             140             141             154             153
             141             142             155             154
             142             143             156             155
             144             145             158             157
             145             146             159             158
             146             147             160             159
             147             148             161             160
             148             149             162             161
             149             150             163             162
             150             151             164             163
             151             152             165             164
             152             153             166             165
             153             154             167             166
             154             155             168             167
             155             156             169             168
             157             158             171             170
             158             159             172             171
             159             160             173             172
             160             161             174             173
             161             162             175             174
             162             163             176             175
             163             164             177             176
             164             165             178             177
             165             166             179             178
             166             167             180             179
             167             168             181             180
             168             169             182             181
             170             171             184             183
             171             172             185             184
             172             173             186             185
             173             174             187             186
             174             175             188             187
             175             176             189             188
             176             177             190             189
             177             178             191             190
             178             179             192             191
             179             180             193             192
             180             181             194             193
             181             182             195             194
             183             184             197             196
             184             185             198             197
             185             186             199             198
             186             187             200             199
             187             188             201             200
             188             189             202             201
             189             190             203             202
             190             191             204             203
             191             192             205             204
             192             193             206             205
             193             194             207             206
             194             195             208             207
             196             197             210             209
             197             198             211             210
             198             199             212             211
             199             200             213             212
             200             201             214             213
             201             202             215             214
             202             203             216             215
             203             204             217             216
             204             205             218             217
             205             206             219             218
             206             207             220             219
             207             208             221             220
             209             210             223             222
             210             211             224             223
             211             212             225             224
             212             213             226             225
             213             214             227             226
             214             215             228             227
             215             216             229             228
             216             217             230             229
             217             218             231             230
             218             219             232             231
             219             220             233             232
             220             221             234             233
             222             223             236             235
             223             224             237             236
             224             225             238             237
             225             226             239             238
             226             227             240             239
             227             228             241             240
             228             229             242             241
             229             230             243             242
             230             231             244             243
             231             232             245             244
             232             233             246             245
             233             234             247             246
             235             236             249             248
             236             237             250             249
             237             238             251             250
             238             239             252             251
             239             240             253             252
             240             241             254             253
             241             242             255             254
             242             243             256             255
             243             244             257             256
             244             245             258             257
             245             246             259             258
             246             247             260             259
             261             262             275             274
             262             263             276             275
             263             264             277             276
             264             265             278             277
             265             266             279             278
             266             267             280             279
             267             268             281             280
             268             269             282             281
             269             270             283             282
             270             271             284             283
             271             272             285             284
             272             273             286             285
             274             275             288             287
             275             276             289             288
             276             277             290             289
             277             278             291             290
             278             279             292             291
             279             280             293             292
             280             281             294             293
             281             282             295             294
             282             283             296             295
             283             284             297             296
             284             285             298             297
             285             286             299             298
             287             288             301             300
             288             289             302             301
             289             290             303             302
             290             291             304             303
             291             292             305             304
             292             293             306             305
             293             294             307             306
             294             295             308             307
             295             296             309             308
             296             297             310             309
             297             298             311             310
             298             299             312             311
             300             301             314             313
             301             302             315             314
             302             303             316             315
             303             304             317             316
             304             305             318             317
             305             306             319             318
             306             307             320             319
             307             308             321             320
             308             309             322             321
             309             310             323             322
             310             311             324             323
             311             312             325             324
             313             314             327             326
             314             315             328             327
             315             316             329             328
             316             317             330             329
             317             318             331             330
             318             319             332             331
             319             320             333             332
             320             321             334             333
             321             322             335             334
             322             323             336             335
             323             324             337             336
             324             325             338             337
             326             327             340             339
             327             328             341             340
             328             329             342             341
             329             330             343             342
             330             331             344             343
             331             332             345             344
             332             333             346             345
             333             334             347             346
             334             335             348             347
             335             336             349             348
             336             337             350             349
             337             338             351             350
             352             353             360             359
             353             354             361             360
             354             355             362             361
             355             356             363             362
             356             357             364             363
             357             358             365             364
             359             360             367             366
             360             361             368             367
             361             362             369             368
             362             363             370             369
             363             364             371             370
             364             365             372             371
             366             367             374             373
             367             368             375             374
             368             369             376             375
             369             370             377             376
             370             371             378             377
             371             372             379             378
             373             374             381             380
             374             375             382             381
             375             376             383             382
             376             377             384             383
             377             378             385             384
             378             379             386             385
             380             381             388             387
             381             382             389             388
             382             383             390             389
             383             384             391             390
             384             385             392             391
             385             386             393             392
             387             388             395             394
             388             389             396             395
             389             390             397             396
             390             391             398             397
             391             392             399             398
             392             393             400             399
             394             395             402             401
             395             396             403             402
             396             397             404             403
             397             398             405             404
             398             399             406             405
             399             400             407             406
             401             402             409             408
             402             403             410             409
             403             404             411             410
             404             405             412             411
             405             406             413             412
             406             407             414             413
             408             409             416             415
             409             410             417             416
             410             411             418             417
             411             412             419             418
             412             413             420             419
             413             414             421             420
             415             416             423             422
             416             417             424             423
             417             418             425             424
             418             419             426             425
             419             420             427             426
             420             421             428             427
             422             423             430             429
             423             424             431             430
             424             425             432             431
             425             426             433             432
             426             427             434             433
             427             428             435             434
             429             430             437             436
             430             431             438             437
             431             432             439             438
             432             433             440             439
             433             434             441             440
             434             435             442             441
             443             444             457             456
             444             445             458             457
             445             446             459             458
             446             447             460             459
             447             448             461             460
             448             449             462             461
             449             450             463             462
             450             451             464             463
             451             452             465             464
             452             453             466             465
             453             454             467             466
             454             455             468             467
             456             457             470             469
             457             458             471             470
             458             459             472             471
             459             460             473             472
             460             461             474             473
             461             462             475             474
             462             463             476             475
             463             464             477             476
             464             465             478             477
             465             466             479             478
             466             467             480             479
             467             468             481             480
             469             470             483             482
             470             471             484             483
             471             472             485             484
             472             473             486             485
             473             474             487             486
             474             475             488             487
             475             476             489             488
             476             477             490             489
             477             478             491             490
             478             479             492             491
             479             480             493             492
             480             481             494             493
             482             483             496             495
             483             484             497             496
             484             485             498             497
             485             486             499             498
             486             487             500             499
             487             488             501             500
             488             489             502             501
             489             490             503             502
             490             491             504             503
             491             492             505             504
             492             493             506             505
             493             494             507             506
             495             496             509             508
             496             497             510             509
             497             498             511             510
             498             499             512             511
             499             500             513             512
             500             501             514             513
             501             502             515             514
             502             503             516             515
             503             504             517             516
             504             505             518             517
             505             506             519             518
             506             507             520             519
             508             509             522             521
             509             510             523             522
             510             511             524             523
             511             512             525             524
             512             513             526             525
             513             514             527             526
             514             515             528             527
             515             516             529             528
             516             517             530             529
             517             518             531             530
             518             519             532             531
             519             520             533             532
             521             522             535             534
             522             523             536             535
             523             524             537             536
             524             525             538             537
             525             526             539             538
             526             527             540             539
             527             528             541             540
             528             529             542             541
             529             530             543             542
             530             531             544             543
             531             532             545             544
             532             533             546             545
             534             535             548             547
             535             536             549             548
             536             537             550             549
             537             538             551             550
             538             539             552             551
             539             540             553             552
             540             541             554             553
             541             542             555             554
             542             543             556             555
             543             544             557             556
             544             545             558             557
             545             546             559             558
             547             548             561             560
             548             549             562             561
             549             550             563             562
             550             551             564             563
             551             552             565             564
             552             553             566             565
             553             554             567             566
             554             555             568             567
             555             556             569             568
             556             557             570             569
             557             558             571             570
             558             559             572             571
             560             561             574             573
             561             562             575             574
             562             563             576             575
             563             564             577             576
             564             565             578             577
             565             566             579             578
             566             567             580             579
             567             568             581             580
             568             569             582             581
             569             570             583             582
             570             571             584             583
             571             572             585             584
             573             574             587             586
             574             575             588             587
             575             576             589             588
             576             577             590             589
             577             578             591             590
             578             579             592             591
             579             580             593             592
             580             581             594             593
             581             582             595             594
             582             583             596             595
             583             584             597             596
             584             585             598             597
             586             587             600             599
             587             588             601             600
             588             589             602             601
             589             590             603             602
             590             591             604             603
             591             592             605             604
             592             593             606             605
             593             594             607             606
             594             595             608             607
             595             596             609             608
             596             597             610             609
             597             598             611             610
          0          0          0          0
