
   565.816345      -1.57052934       2.99430885E-05 -0.621155500       301.131042      -2.98831677       2.05622127E-05  -2.68799019       35.5452690      -1.57095742       7.74136208E-14   3.14159274       45.6469650      -1.46794522       2.21432401E-06   1.68686473       67.5086975      -2.90203261       2.18616242E-05   2.57260776       104.436310       8.24151039E-02   5.76031562E-06  0.744622886       21.8603630      -1.66410327       3.87057344E-06   2.14261675       70.2133713      -2.86546540       1.28337460E-05  -7.67305493E-02   113.463943      -2.78572345       2.97060415E-05   2.73291785E-02
   783.063660      -1.56954789       1.63244957E-04  0.454009980       404.551971      -2.94145393       1.54815789E-05  -2.03878427       50.7715912      -1.56994879       2.42389252E-13 -0.278299659       63.6310387      -1.40969515       8.83804933E-06   1.63149846       93.0678787      -2.78966641       5.63179965E-05  -1.24385095       142.731308      0.193121344       4.06526924E-05  0.525617242       30.3575287      -1.71965957       1.63804070E-05   3.09231496       95.1519699      -2.81132603       1.17657677E-04  0.324511290       155.173508      -2.73433113       3.76246317E-05  -4.95471545E-02
   1030.86279      -1.56765759       5.49792530E-05   1.67421269       510.445740      -2.89334607       2.08230213E-05   1.96512139       69.2904587      -1.56800389       1.49183603E-13  -2.88099027       84.5113144      -1.34165335       2.65032013E-05  -2.51457214       121.067520      -2.66816592       1.20586403E-04 -0.261233509       184.012955      0.311799347       1.13400674E-04  -1.52884305       39.9448395      -1.78415775       1.38473124E-05  -2.22711301       119.320999      -2.75440741       1.11631372E-04  0.487936616       196.729324      -2.68017650       5.39110306E-06  -2.93833208    
   1306.49976      -1.56456947       3.99730459E-04   2.96836710       612.236450      -2.84594154       1.05724510E-04  -2.70110655       91.4253845      -1.56481373       2.28812656E-13  -1.57079637       108.315453      -1.26346576       1.48119534E-05   2.27399874       150.512772      -2.53917646       7.85551238E-05 -0.415863395       226.681747      0.436633736       4.52808454E-05 -0.157848015       50.2978172      -1.85968029       2.51298407E-05   3.01524234       138.934479      -2.69726372       9.62641134E-05  0.828474522       232.199417      -2.62602091       1.82747317E-05  -3.04139519    
   1606.47217      -1.56019378       1.01131045E-04 -0.277247816       703.698059      -2.80122232       6.30356517E-05   2.96393728       117.477303      -1.56028652       2.72396011E-13   1.10714877       135.087769      -1.17468870       3.88355220E-05   1.05210698       180.369995      -2.40398383       6.55759286E-05  -1.32141805       269.148651      0.566117704       1.03793049E-04  -1.31638539       60.9726868      -1.95067501       3.32973759E-05   1.57734191       149.451965      -2.64373016       1.73199387E-05   1.83140469       254.295944      -2.57603598       2.95438003E-05  -1.70196211    
   1926.65906      -1.55478072       1.97733723E-04   1.74995148       779.601501      -2.76129341       7.04734484E-05 -0.339924037       147.732025      -1.55468738       5.31260962E-13   2.60986853       164.869781      -1.07483470       4.76789355E-05 -0.999302983       209.656342      -2.26355791       1.39252210E-04  0.296236008       309.982300      0.699032843       1.80205563E-04   1.61493146       71.5679932      -2.06454396       3.27152475E-06  -6.70942217E-02   146.077103      -2.60110116       3.13633391E-05 -0.891783297       255.148239      -2.53795099       1.89078037E-05   1.38980711    
   2262.94507      -1.54897535       5.33146609E-04  -2.59880066       836.365601      -2.72856593       1.33414687E-05  0.650678933       182.487274      -1.54869771       2.53838779E-13  0.950546801       197.701782     -0.963373065       6.91100722E-05  -1.93143046       237.464569      -2.11882830       3.61834973E-04   1.78475344       347.967621      0.834109485       3.38534708E-04   1.69993544       82.1410675      -2.21046925       3.54223994E-06  0.637611747       124.652763      -2.58751512       7.82859024E-06  -7.76433945E-02   227.789612      -2.52958131       8.33126649E-07  -2.76108623    
   2613.12646      -1.54363394       2.45312636E-04  -2.16146231       872.654663      -2.70592403       5.27108241E-05   1.44516039       222.202972      -1.54320168       4.49410772E-13  0.607801974       233.698578     -0.839671373       6.48911373E-05  -1.57233405       262.843628      -1.97090828       1.83306707E-04 -0.394964039       381.962128      0.969560444       7.23784906E-05  -1.33280647       93.8350372      -2.39428926       7.18764568E-07   1.09562063       83.3538589      -2.67229462       2.41436410E-05  -3.02818990       169.021744      -2.60772371       2.95373702E-05  -1.51082838    
   2979.75781      -1.53928602       2.94770114E-04  -1.83525719E-02   890.177490      -2.69681048       1.55660036E-05  -1.71459687       267.802185      -1.53873765       1.25901676E-12   1.84247983       273.027374     -0.702786565       3.00215088E-05   1.66213012       284.973083      -1.82195032       3.85354389E-04  -1.53680050       411.314026       1.10234404       2.03800213E-04  -2.21579504       109.132072      -2.60873246       2.24850537E-05 -0.642769516       34.7912369       2.81376195       2.11179577E-05   2.76679254       91.8909683      -3.08125424       1.42809469E-04   3.13122416    
   3372.78906      -1.53512633       7.27878883E-04   1.02346313       894.056702      -2.70426273       1.61997086E-04  -2.34337234       320.983185      -1.53447998       6.29800736E-13   1.90189242       315.825623     -0.551072121       1.18587282E-04  -1.53479815       303.571594      -1.67572558       7.00240780E-05  -1.78230393       436.753815       1.22794247       5.16007130E-04  -1.20517302       130.771851      -2.83034301       8.18888293E-06  0.764267802       81.4751053       1.38566637       4.98244844E-05  -1.25493729       113.310425       1.83978438       7.79084949E-05  -3.09811640    
   3810.92285      -1.52758753       3.96352261E-04  -7.58912116E-02   892.737976      -2.72850132       2.77835388E-05  0.932606816       384.690643      -1.52676356       4.29662545E-13  -2.30705380       361.987244     -0.382297397       5.99917912E-05 -0.181247517       319.500854      -1.53701389       3.11229160E-05  -1.69974554       461.502808       1.34204459       3.12317308E-04  -2.12143588       159.739960      -3.03605223       5.03503361E-05   6.01842552E-02   177.488434       1.17691183       1.46233549E-04  -2.22356844       253.551727       1.42087281       5.37323067E-05 -0.224263504    
   4317.51611      -1.50887990       1.16050665E-04   1.79267681       896.946899      -2.76386404       2.60783505E-04   1.43666852       462.831818      -1.50763130       1.23161821E-12  -1.50193989       410.763977     -0.193831742       2.00749520E-04  -1.09239995       335.732758      -1.40930486       1.27219551E-04   1.95609128       492.526337       1.44508135       3.41092178E-04  -2.13491821       194.909363       3.05966711       5.45812945E-05  -2.09288740       286.932800       1.10362148       2.91082746E-04  -1.89240205       426.154297       1.29046905       1.84597870E-04   2.93132615    
   4902.27051      -1.46657050       4.42848046E-04 -0.780544877       911.462585      -2.79576921       1.79522933E-04  -2.23430014       558.531250      -1.46447301       4.14488864E-13  0.572966158       460.107727       1.68036707E-02   1.07795546E-04 -0.855357528       358.011017      -1.28925955       4.36731352E-04  -1.81007648       540.134460       1.54945302       3.43177031E-04  -1.67286289       236.431030       2.87616992       9.64523279E-05   2.12390971       409.147614       1.04742217       2.55651335E-04 -0.696290016       623.732239       1.20909250       1.57785165E-04  -1.86233175    
   5522.14551      -1.38653708       6.67007291E-04  -2.30692410       932.074402      -2.80876756       1.54430556E-04  -2.80884671       668.840881      -1.38307130       8.09121813E-13   2.43933582       505.531555      0.250628471       1.53387999E-04  -2.75484943       393.040802      -1.15960205       3.65273881E-04   2.46919751       612.488953       1.68170512       2.84750247E-04   3.01131296       290.679932       2.69511700       2.84958194E-04  -1.41473758       549.783142       1.00567901       3.96471878E-04 -0.316043198       856.382324       1.15473497       1.45452737E-04  -2.56974077    
   6033.70117      -1.26169717       3.31566989E-04  -2.91356301       944.086853      -2.79525208       6.64389445E-05  -2.60194230       776.612183      -1.25639617       1.40289505E-12  -1.54401696       539.492188      0.502724886       1.08067597E-05   1.52662635       443.787170     -0.991126776       4.30710556E-04 -0.476670563       706.773010       1.87070942       2.35463202E-04   2.94039154       365.627289       2.55160236       2.71149940E-04  -2.16130137       702.386292      0.997407615       2.80409324E-04  -2.76291656       1114.64661       1.14320946       2.00233844E-04 -0.832152069    
   6225.17578      -1.10315585       7.05806306E-04  -1.92859018       934.309387      -2.75983953       1.98040128E-04 -0.766267598       850.780579      -1.09571660       4.62829644E-13  0.409560293       555.652161      0.756359220       1.25526960E-04  0.374506563       501.703735     -0.763174474       3.26645997E-04   2.62977171       800.773865       2.12481904       4.78036178E-04   6.38598129E-02   452.036713       2.47953892       5.29854769E-05  -2.17238522       833.593079       1.02039587       7.14022142E-04  -2.21135879       1340.89905       1.17026508       3.44072701E-04  -2.94241095    
   5983.14697     -0.938453913       1.92565576E-03   1.76223552       896.763672      -2.71222544       6.26090798E-04   3.12956238       867.297974     -0.928747714       5.01152993E-13   1.44302404       558.884155      0.989062488       3.15551937E-04  -3.10068059       550.364136     -0.484042346       7.10597902E-04   2.96099520       865.766663       2.42351151       4.91595652E-04  -2.38952112       520.765930       2.46378803       2.06455094E-04   1.54376006       906.497925       1.04341853       4.89945523E-04   1.71665728       1467.22021       1.20127034       3.89796740E-04  -2.26291418    
   5387.34814     -0.792509377       4.46880149E-04   2.92273378       835.306396      -2.66008782       1.33585752E-04  -2.80872917       827.128052     -0.780454934       1.18207430E-12   2.42059731       565.565979       1.19468141       3.02992994E-04  -3.89916124E-03   579.753540     -0.177705064       3.41035542E-04 -0.272089034       890.166687       2.73768711       1.56744698E-03  0.227665439       546.750854       2.46692181       1.99777991E-04   1.42737472       916.043762       1.03679359       7.41606520E-04   2.37318563       1479.13477       1.20197129       1.25857259E-04  -2.84444141    
   4583.69922     -0.677306414       5.26546268E-04 -0.991540492       755.285278      -2.60635495       2.75608880E-04   1.61204481       744.205933     -0.662747025       7.55892311E-13  -2.98116279       590.290222       1.39264214       3.42039857E-04  -3.00465107       590.374084      0.139751747       5.88233001E-04  0.307121396       880.791626       3.05026674       6.44826447E-04  0.686554968       519.748291       2.46480703       3.29703529E-04  -1.60498512       879.524597      0.994506180       3.97626223E-04  0.196454942       1405.50342       1.16057658       2.09303922E-04  -5.99236265E-02
   3672.57422     -0.604384363       4.64107230E-04   1.56893253       661.345642      -2.55286002       2.80451961E-04 -0.643412054       629.200928     -0.586824119       1.70938339E-12   3.14159274       637.073853       1.61250198       2.94618483E-04  -1.34452724       586.282349      0.463552445       3.56817880E-04   1.79060638       849.171570      -2.92722464       7.42689081E-05   1.14769924       436.121185       2.44597411       1.07697895E-04   1.04805171       807.740723      0.929333568       6.78865821E-04   2.65874147       1271.52478       1.08324277       2.28383942E-04   2.13817263    
