2	1		
1	0.5	0	0
2	0.498883439	0.033396317	0
3	0.495538744	0.066643478	0
4	0.489980853	0.099592993	0
5	0.482234588	0.132097701	0
6	0.472334546	0.164012429	0
7	0.460324943	0.195194638	0
8	0.446259418	0.22550506	0
9	0.43020079	0.254808321	0
10	0.41222078	0.282973547	0
11	0.392399693	0.309874944	0
12	0.370826053	0.335392365	0
13	0.347596214	0.359411842	0
14	0.322813926	0.381826098	0
15	0.296589872	0.402535027	0
16	0.269041177	0.421446136	0
17	0.240290878	0.438474964	0
18	0.210467381	0.453545457	0
19	0.179703886	0.466590306	0
20	0.14813779	0.477551249	0
21	0.115910075	0.486379332	0
22	0.083164677	0.493035127	0
23	0.050047846	0.497488908	0
24	0.016707489	0.499720782	0
25	-0.016707489	0.499720782	0
26	-0.050047846	0.497488908	0
27	-0.083164677	0.493035127	0
28	-0.115910075	0.486379332	0
29	-0.14813779	0.477551249	0
30	-0.179703886	0.466590306	0
31	-0.210467381	0.453545457	0
32	-0.240290878	0.438474964	0
33	-0.269041177	0.421446136	0
34	-0.296589872	0.402535027	0
35	-0.322813926	0.381826098	0
36	-0.347596214	0.359411842	0
37	-0.370826053	0.335392365	0
38	-0.392399693	0.309874944	0
39	-0.41222078	0.282973547	0
40	-0.43020079	0.254808321	0
41	-0.446259418	0.22550506	0
42	-0.460324943	0.195194638	0
43	-0.472334546	0.164012429	0
44	-0.482234588	0.132097701	0
45	-0.489980853	0.099592993	0
46	-0.495538744	0.066643478	0
47	-0.498883439	0.033396317	0
48	-0.5	6.12574E-17	0
49	0.5	0	-0.081818182
50	0.498883439	0.033396317	-0.081818182
51	0.495538744	0.066643478	-0.081818182
52	0.489980853	0.099592993	-0.081818182
53	0.482234588	0.132097701	-0.081818182
54	0.472334546	0.164012429	-0.081818182
55	0.460324943	0.195194638	-0.081818182
56	0.446259418	0.22550506	-0.081818182
57	0.43020079	0.254808321	-0.081818182
58	0.41222078	0.282973547	-0.081818182
59	0.392399693	0.309874944	-0.081818182
60	0.370826053	0.335392365	-0.081818182
61	0.347596214	0.359411842	-0.081818182
62	0.322813926	0.381826098	-0.081818182
63	0.296589872	0.402535027	-0.081818182
64	0.269041177	0.421446136	-0.081818182
65	0.240290878	0.438474964	-0.081818182
66	0.210467381	0.453545457	-0.081818182
67	0.179703886	0.466590306	-0.081818182
68	0.14813779	0.477551249	-0.081818182
69	0.115910075	0.486379332	-0.081818182
70	0.083164677	0.493035127	-0.081818182
71	0.050047846	0.497488908	-0.081818182
72	0.016707489	0.499720782	-0.081818182
73	-0.016707489	0.499720782	-0.081818182
74	-0.050047846	0.497488908	-0.081818182
75	-0.083164677	0.493035127	-0.081818182
76	-0.115910075	0.486379332	-0.081818182
77	-0.14813779	0.477551249	-0.081818182
78	-0.179703886	0.466590306	-0.081818182
79	-0.210467381	0.453545457	-0.081818182
80	-0.240290878	0.438474964	-0.081818182
81	-0.269041177	0.421446136	-0.081818182
82	-0.296589872	0.402535027	-0.081818182
83	-0.322813926	0.381826098	-0.081818182
84	-0.347596214	0.359411842	-0.081818182
85	-0.370826053	0.335392365	-0.081818182
86	-0.392399693	0.309874944	-0.081818182
87	-0.41222078	0.282973547	-0.081818182
88	-0.43020079	0.254808321	-0.081818182
89	-0.446259418	0.22550506	-0.081818182
90	-0.460324943	0.195194638	-0.081818182
91	-0.472334546	0.164012429	-0.081818182
92	-0.482234588	0.132097701	-0.081818182
93	-0.489980853	0.099592993	-0.081818182
94	-0.495538744	0.066643478	-0.081818182
95	-0.498883439	0.033396317	-0.081818182
96	-0.5	6.12574E-17	-0.081818182
97	0.5	0	-0.163636364
98	0.498883439	0.033396317	-0.163636364
99	0.495538744	0.066643478	-0.163636364
100	0.489980853	0.099592993	-0.163636364
101	0.482234588	0.132097701	-0.163636364
102	0.472334546	0.164012429	-0.163636364
103	0.460324943	0.195194638	-0.163636364
104	0.446259418	0.22550506	-0.163636364
105	0.43020079	0.254808321	-0.163636364
106	0.41222078	0.282973547	-0.163636364
107	0.392399693	0.309874944	-0.163636364
108	0.370826053	0.335392365	-0.163636364
109	0.347596214	0.359411842	-0.163636364
110	0.322813926	0.381826098	-0.163636364
111	0.296589872	0.402535027	-0.163636364
112	0.269041177	0.421446136	-0.163636364
113	0.240290878	0.438474964	-0.163636364
114	0.210467381	0.453545457	-0.163636364
115	0.179703886	0.466590306	-0.163636364
116	0.14813779	0.477551249	-0.163636364
117	0.115910075	0.486379332	-0.163636364
118	0.083164677	0.493035127	-0.163636364
119	0.050047846	0.497488908	-0.163636364
120	0.016707489	0.499720782	-0.163636364
121	-0.016707489	0.499720782	-0.163636364
122	-0.050047846	0.497488908	-0.163636364
123	-0.083164677	0.493035127	-0.163636364
124	-0.115910075	0.486379332	-0.163636364
125	-0.14813779	0.477551249	-0.163636364
126	-0.179703886	0.466590306	-0.163636364
127	-0.210467381	0.453545457	-0.163636364
128	-0.240290878	0.438474964	-0.163636364
129	-0.269041177	0.421446136	-0.163636364
130	-0.296589872	0.402535027	-0.163636364
131	-0.322813926	0.381826098	-0.163636364
132	-0.347596214	0.359411842	-0.163636364
133	-0.370826053	0.335392365	-0.163636364
134	-0.392399693	0.309874944	-0.163636364
135	-0.41222078	0.282973547	-0.163636364
136	-0.43020079	0.254808321	-0.163636364
137	-0.446259418	0.22550506	-0.163636364
138	-0.460324943	0.195194638	-0.163636364
139	-0.472334546	0.164012429	-0.163636364
140	-0.482234588	0.132097701	-0.163636364
141	-0.489980853	0.099592993	-0.163636364
142	-0.495538744	0.066643478	-0.163636364
143	-0.498883439	0.033396317	-0.163636364
144	-0.5	6.12574E-17	-0.163636364
145	0.5	0	-0.245454545
146	0.498883439	0.033396317	-0.245454545
147	0.495538744	0.066643478	-0.245454545
148	0.489980853	0.099592993	-0.245454545
149	0.482234588	0.132097701	-0.245454545
150	0.472334546	0.164012429	-0.245454545
151	0.460324943	0.195194638	-0.245454545
152	0.446259418	0.22550506	-0.245454545
153	0.43020079	0.254808321	-0.245454545
154	0.41222078	0.282973547	-0.245454545
155	0.392399693	0.309874944	-0.245454545
156	0.370826053	0.335392365	-0.245454545
157	0.347596214	0.359411842	-0.245454545
158	0.322813926	0.381826098	-0.245454545
159	0.296589872	0.402535027	-0.245454545
160	0.269041177	0.421446136	-0.245454545
161	0.240290878	0.438474964	-0.245454545
162	0.210467381	0.453545457	-0.245454545
163	0.179703886	0.466590306	-0.245454545
164	0.14813779	0.477551249	-0.245454545
165	0.115910075	0.486379332	-0.245454545
166	0.083164677	0.493035127	-0.245454545
167	0.050047846	0.497488908	-0.245454545
168	0.016707489	0.499720782	-0.245454545
169	-0.016707489	0.499720782	-0.245454545
170	-0.050047846	0.497488908	-0.245454545
171	-0.083164677	0.493035127	-0.245454545
172	-0.115910075	0.486379332	-0.245454545
173	-0.14813779	0.477551249	-0.245454545
174	-0.179703886	0.466590306	-0.245454545
175	-0.210467381	0.453545457	-0.245454545
176	-0.240290878	0.438474964	-0.245454545
177	-0.269041177	0.421446136	-0.245454545
178	-0.296589872	0.402535027	-0.245454545
179	-0.322813926	0.381826098	-0.245454545
180	-0.347596214	0.359411842	-0.245454545
181	-0.370826053	0.335392365	-0.245454545
182	-0.392399693	0.309874944	-0.245454545
183	-0.41222078	0.282973547	-0.245454545
184	-0.43020079	0.254808321	-0.245454545
185	-0.446259418	0.22550506	-0.245454545
186	-0.460324943	0.195194638	-0.245454545
187	-0.472334546	0.164012429	-0.245454545
188	-0.482234588	0.132097701	-0.245454545
189	-0.489980853	0.099592993	-0.245454545
190	-0.495538744	0.066643478	-0.245454545
191	-0.498883439	0.033396317	-0.245454545
192	-0.5	6.12574E-17	-0.245454545
193	0.5	0	-0.327272727
194	0.498883439	0.033396317	-0.327272727
195	0.495538744	0.066643478	-0.327272727
196	0.489980853	0.099592993	-0.327272727
197	0.482234588	0.132097701	-0.327272727
198	0.472334546	0.164012429	-0.327272727
199	0.460324943	0.195194638	-0.327272727
200	0.446259418	0.22550506	-0.327272727
201	0.43020079	0.254808321	-0.327272727
202	0.41222078	0.282973547	-0.327272727
203	0.392399693	0.309874944	-0.327272727
204	0.370826053	0.335392365	-0.327272727
205	0.347596214	0.359411842	-0.327272727
206	0.322813926	0.381826098	-0.327272727
207	0.296589872	0.402535027	-0.327272727
208	0.269041177	0.421446136	-0.327272727
209	0.240290878	0.438474964	-0.327272727
210	0.210467381	0.453545457	-0.327272727
211	0.179703886	0.466590306	-0.327272727
212	0.14813779	0.477551249	-0.327272727
213	0.115910075	0.486379332	-0.327272727
214	0.083164677	0.493035127	-0.327272727
215	0.050047846	0.497488908	-0.327272727
216	0.016707489	0.499720782	-0.327272727
217	-0.016707489	0.499720782	-0.327272727
218	-0.050047846	0.497488908	-0.327272727
219	-0.083164677	0.493035127	-0.327272727
220	-0.115910075	0.486379332	-0.327272727
221	-0.14813779	0.477551249	-0.327272727
222	-0.179703886	0.466590306	-0.327272727
223	-0.210467381	0.453545457	-0.327272727
224	-0.240290878	0.438474964	-0.327272727
225	-0.269041177	0.421446136	-0.327272727
226	-0.296589872	0.402535027	-0.327272727
227	-0.322813926	0.381826098	-0.327272727
228	-0.347596214	0.359411842	-0.327272727
229	-0.370826053	0.335392365	-0.327272727
230	-0.392399693	0.309874944	-0.327272727
231	-0.41222078	0.282973547	-0.327272727
232	-0.43020079	0.254808321	-0.327272727
233	-0.446259418	0.22550506	-0.327272727
234	-0.460324943	0.195194638	-0.327272727
235	-0.472334546	0.164012429	-0.327272727
236	-0.482234588	0.132097701	-0.327272727
237	-0.489980853	0.099592993	-0.327272727
238	-0.495538744	0.066643478	-0.327272727
239	-0.498883439	0.033396317	-0.327272727
240	-0.5	6.12574E-17	-0.327272727
241	0.5	0	-0.409090909
242	0.498883439	0.033396317	-0.409090909
243	0.495538744	0.066643478	-0.409090909
244	0.489980853	0.099592993	-0.409090909
245	0.482234588	0.132097701	-0.409090909
246	0.472334546	0.164012429	-0.409090909
247	0.460324943	0.195194638	-0.409090909
248	0.446259418	0.22550506	-0.409090909
249	0.43020079	0.254808321	-0.409090909
250	0.41222078	0.282973547	-0.409090909
251	0.392399693	0.309874944	-0.409090909
252	0.370826053	0.335392365	-0.409090909
253	0.347596214	0.359411842	-0.409090909
254	0.322813926	0.381826098	-0.409090909
255	0.296589872	0.402535027	-0.409090909
256	0.269041177	0.421446136	-0.409090909
257	0.240290878	0.438474964	-0.409090909
258	0.210467381	0.453545457	-0.409090909
259	0.179703886	0.466590306	-0.409090909
260	0.14813779	0.477551249	-0.409090909
261	0.115910075	0.486379332	-0.409090909
262	0.083164677	0.493035127	-0.409090909
263	0.050047846	0.497488908	-0.409090909
264	0.016707489	0.499720782	-0.409090909
265	-0.016707489	0.499720782	-0.409090909
266	-0.050047846	0.497488908	-0.409090909
267	-0.083164677	0.493035127	-0.409090909
268	-0.115910075	0.486379332	-0.409090909
269	-0.14813779	0.477551249	-0.409090909
270	-0.179703886	0.466590306	-0.409090909
271	-0.210467381	0.453545457	-0.409090909
272	-0.240290878	0.438474964	-0.409090909
273	-0.269041177	0.421446136	-0.409090909
274	-0.296589872	0.402535027	-0.409090909
275	-0.322813926	0.381826098	-0.409090909
276	-0.347596214	0.359411842	-0.409090909
277	-0.370826053	0.335392365	-0.409090909
278	-0.392399693	0.309874944	-0.409090909
279	-0.41222078	0.282973547	-0.409090909
280	-0.43020079	0.254808321	-0.409090909
281	-0.446259418	0.22550506	-0.409090909
282	-0.460324943	0.195194638	-0.409090909
283	-0.472334546	0.164012429	-0.409090909
284	-0.482234588	0.132097701	-0.409090909
285	-0.489980853	0.099592993	-0.409090909
286	-0.495538744	0.066643478	-0.409090909
287	-0.498883439	0.033396317	-0.409090909
288	-0.5	6.12574E-17	-0.409090909
289	0.5	0	-0.490909091
290	0.498883439	0.033396317	-0.490909091
291	0.495538744	0.066643478	-0.490909091
292	0.489980853	0.099592993	-0.490909091
293	0.482234588	0.132097701	-0.490909091
294	0.472334546	0.164012429	-0.490909091
295	0.460324943	0.195194638	-0.490909091
296	0.446259418	0.22550506	-0.490909091
297	0.43020079	0.254808321	-0.490909091
298	0.41222078	0.282973547	-0.490909091
299	0.392399693	0.309874944	-0.490909091
300	0.370826053	0.335392365	-0.490909091
301	0.347596214	0.359411842	-0.490909091
302	0.322813926	0.381826098	-0.490909091
303	0.296589872	0.402535027	-0.490909091
304	0.269041177	0.421446136	-0.490909091
305	0.240290878	0.438474964	-0.490909091
306	0.210467381	0.453545457	-0.490909091
307	0.179703886	0.466590306	-0.490909091
308	0.14813779	0.477551249	-0.490909091
309	0.115910075	0.486379332	-0.490909091
310	0.083164677	0.493035127	-0.490909091
311	0.050047846	0.497488908	-0.490909091
312	0.016707489	0.499720782	-0.490909091
313	-0.016707489	0.499720782	-0.490909091
314	-0.050047846	0.497488908	-0.490909091
315	-0.083164677	0.493035127	-0.490909091
316	-0.115910075	0.486379332	-0.490909091
317	-0.14813779	0.477551249	-0.490909091
318	-0.179703886	0.466590306	-0.490909091
319	-0.210467381	0.453545457	-0.490909091
320	-0.240290878	0.438474964	-0.490909091
321	-0.269041177	0.421446136	-0.490909091
322	-0.296589872	0.402535027	-0.490909091
323	-0.322813926	0.381826098	-0.490909091
324	-0.347596214	0.359411842	-0.490909091
325	-0.370826053	0.335392365	-0.490909091
326	-0.392399693	0.309874944	-0.490909091
327	-0.41222078	0.282973547	-0.490909091
328	-0.43020079	0.254808321	-0.490909091
329	-0.446259418	0.22550506	-0.490909091
330	-0.460324943	0.195194638	-0.490909091
331	-0.472334546	0.164012429	-0.490909091
332	-0.482234588	0.132097701	-0.490909091
333	-0.489980853	0.099592993	-0.490909091
334	-0.495538744	0.066643478	-0.490909091
335	-0.498883439	0.033396317	-0.490909091
336	-0.5	6.12574E-17	-0.490909091
337	0.5	0	-0.572727273
338	0.498883439	0.033396317	-0.572727273
339	0.495538744	0.066643478	-0.572727273
340	0.489980853	0.099592993	-0.572727273
341	0.482234588	0.132097701	-0.572727273
342	0.472334546	0.164012429	-0.572727273
343	0.460324943	0.195194638	-0.572727273
344	0.446259418	0.22550506	-0.572727273
345	0.43020079	0.254808321	-0.572727273
346	0.41222078	0.282973547	-0.572727273
347	0.392399693	0.309874944	-0.572727273
348	0.370826053	0.335392365	-0.572727273
349	0.347596214	0.359411842	-0.572727273
350	0.322813926	0.381826098	-0.572727273
351	0.296589872	0.402535027	-0.572727273
352	0.269041177	0.421446136	-0.572727273
353	0.240290878	0.438474964	-0.572727273
354	0.210467381	0.453545457	-0.572727273
355	0.179703886	0.466590306	-0.572727273
356	0.14813779	0.477551249	-0.572727273
357	0.115910075	0.486379332	-0.572727273
358	0.083164677	0.493035127	-0.572727273
359	0.050047846	0.497488908	-0.572727273
360	0.016707489	0.499720782	-0.572727273
361	-0.016707489	0.499720782	-0.572727273
362	-0.050047846	0.497488908	-0.572727273
363	-0.083164677	0.493035127	-0.572727273
364	-0.115910075	0.486379332	-0.572727273
365	-0.14813779	0.477551249	-0.572727273
366	-0.179703886	0.466590306	-0.572727273
367	-0.210467381	0.453545457	-0.572727273
368	-0.240290878	0.438474964	-0.572727273
369	-0.269041177	0.421446136	-0.572727273
370	-0.296589872	0.402535027	-0.572727273
371	-0.322813926	0.381826098	-0.572727273
372	-0.347596214	0.359411842	-0.572727273
373	-0.370826053	0.335392365	-0.572727273
374	-0.392399693	0.309874944	-0.572727273
375	-0.41222078	0.282973547	-0.572727273
376	-0.43020079	0.254808321	-0.572727273
377	-0.446259418	0.22550506	-0.572727273
378	-0.460324943	0.195194638	-0.572727273
379	-0.472334546	0.164012429	-0.572727273
380	-0.482234588	0.132097701	-0.572727273
381	-0.489980853	0.099592993	-0.572727273
382	-0.495538744	0.066643478	-0.572727273
383	-0.498883439	0.033396317	-0.572727273
384	-0.5	6.12574E-17	-0.572727273
385	0.5	0	-0.654545455
386	0.498883439	0.033396317	-0.654545455
387	0.495538744	0.066643478	-0.654545455
388	0.489980853	0.099592993	-0.654545455
389	0.482234588	0.132097701	-0.654545455
390	0.472334546	0.164012429	-0.654545455
391	0.460324943	0.195194638	-0.654545455
392	0.446259418	0.22550506	-0.654545455
393	0.43020079	0.254808321	-0.654545455
394	0.41222078	0.282973547	-0.654545455
395	0.392399693	0.309874944	-0.654545455
396	0.370826053	0.335392365	-0.654545455
397	0.347596214	0.359411842	-0.654545455
398	0.322813926	0.381826098	-0.654545455
399	0.296589872	0.402535027	-0.654545455
400	0.269041177	0.421446136	-0.654545455
401	0.240290878	0.438474964	-0.654545455
402	0.210467381	0.453545457	-0.654545455
403	0.179703886	0.466590306	-0.654545455
404	0.14813779	0.477551249	-0.654545455
405	0.115910075	0.486379332	-0.654545455
406	0.083164677	0.493035127	-0.654545455
407	0.050047846	0.497488908	-0.654545455
408	0.016707489	0.499720782	-0.654545455
409	-0.016707489	0.499720782	-0.654545455
410	-0.050047846	0.497488908	-0.654545455
411	-0.083164677	0.493035127	-0.654545455
412	-0.115910075	0.486379332	-0.654545455
413	-0.14813779	0.477551249	-0.654545455
414	-0.179703886	0.466590306	-0.654545455
415	-0.210467381	0.453545457	-0.654545455
416	-0.240290878	0.438474964	-0.654545455
417	-0.269041177	0.421446136	-0.654545455
418	-0.296589872	0.402535027	-0.654545455
419	-0.322813926	0.381826098	-0.654545455
420	-0.347596214	0.359411842	-0.654545455
421	-0.370826053	0.335392365	-0.654545455
422	-0.392399693	0.309874944	-0.654545455
423	-0.41222078	0.282973547	-0.654545455
424	-0.43020079	0.254808321	-0.654545455
425	-0.446259418	0.22550506	-0.654545455
426	-0.460324943	0.195194638	-0.654545455
427	-0.472334546	0.164012429	-0.654545455
428	-0.482234588	0.132097701	-0.654545455
429	-0.489980853	0.099592993	-0.654545455
430	-0.495538744	0.066643478	-0.654545455
431	-0.498883439	0.033396317	-0.654545455
432	-0.5	6.12574E-17	-0.654545455
433	0.5	0	-0.736363636
434	0.498883439	0.033396317	-0.736363636
435	0.495538744	0.066643478	-0.736363636
436	0.489980853	0.099592993	-0.736363636
437	0.482234588	0.132097701	-0.736363636
438	0.472334546	0.164012429	-0.736363636
439	0.460324943	0.195194638	-0.736363636
440	0.446259418	0.22550506	-0.736363636
441	0.43020079	0.254808321	-0.736363636
442	0.41222078	0.282973547	-0.736363636
443	0.392399693	0.309874944	-0.736363636
444	0.370826053	0.335392365	-0.736363636
445	0.347596214	0.359411842	-0.736363636
446	0.322813926	0.381826098	-0.736363636
447	0.296589872	0.402535027	-0.736363636
448	0.269041177	0.421446136	-0.736363636
449	0.240290878	0.438474964	-0.736363636
450	0.210467381	0.453545457	-0.736363636
451	0.179703886	0.466590306	-0.736363636
452	0.14813779	0.477551249	-0.736363636
453	0.115910075	0.486379332	-0.736363636
454	0.083164677	0.493035127	-0.736363636
455	0.050047846	0.497488908	-0.736363636
456	0.016707489	0.499720782	-0.736363636
457	-0.016707489	0.499720782	-0.736363636
458	-0.050047846	0.497488908	-0.736363636
459	-0.083164677	0.493035127	-0.736363636
460	-0.115910075	0.486379332	-0.736363636
461	-0.14813779	0.477551249	-0.736363636
462	-0.179703886	0.466590306	-0.736363636
463	-0.210467381	0.453545457	-0.736363636
464	-0.240290878	0.438474964	-0.736363636
465	-0.269041177	0.421446136	-0.736363636
466	-0.296589872	0.402535027	-0.736363636
467	-0.322813926	0.381826098	-0.736363636
468	-0.347596214	0.359411842	-0.736363636
469	-0.370826053	0.335392365	-0.736363636
470	-0.392399693	0.309874944	-0.736363636
471	-0.41222078	0.282973547	-0.736363636
472	-0.43020079	0.254808321	-0.736363636
473	-0.446259418	0.22550506	-0.736363636
474	-0.460324943	0.195194638	-0.736363636
475	-0.472334546	0.164012429	-0.736363636
476	-0.482234588	0.132097701	-0.736363636
477	-0.489980853	0.099592993	-0.736363636
478	-0.495538744	0.066643478	-0.736363636
479	-0.498883439	0.033396317	-0.736363636
480	-0.5	6.12574E-17	-0.736363636
481	0.5	0	-0.818181818
482	0.498883439	0.033396317	-0.818181818
483	0.495538744	0.066643478	-0.818181818
484	0.489980853	0.099592993	-0.818181818
485	0.482234588	0.132097701	-0.818181818
486	0.472334546	0.164012429	-0.818181818
487	0.460324943	0.195194638	-0.818181818
488	0.446259418	0.22550506	-0.818181818
489	0.43020079	0.254808321	-0.818181818
490	0.41222078	0.282973547	-0.818181818
491	0.392399693	0.309874944	-0.818181818
492	0.370826053	0.335392365	-0.818181818
493	0.347596214	0.359411842	-0.818181818
494	0.322813926	0.381826098	-0.818181818
495	0.296589872	0.402535027	-0.818181818
496	0.269041177	0.421446136	-0.818181818
497	0.240290878	0.438474964	-0.818181818
498	0.210467381	0.453545457	-0.818181818
499	0.179703886	0.466590306	-0.818181818
500	0.14813779	0.477551249	-0.818181818
501	0.115910075	0.486379332	-0.818181818
502	0.083164677	0.493035127	-0.818181818
503	0.050047846	0.497488908	-0.818181818
504	0.016707489	0.499720782	-0.818181818
505	-0.016707489	0.499720782	-0.818181818
506	-0.050047846	0.497488908	-0.818181818
507	-0.083164677	0.493035127	-0.818181818
508	-0.115910075	0.486379332	-0.818181818
509	-0.14813779	0.477551249	-0.818181818
510	-0.179703886	0.466590306	-0.818181818
511	-0.210467381	0.453545457	-0.818181818
512	-0.240290878	0.438474964	-0.818181818
513	-0.269041177	0.421446136	-0.818181818
514	-0.296589872	0.402535027	-0.818181818
515	-0.322813926	0.381826098	-0.818181818
516	-0.347596214	0.359411842	-0.818181818
517	-0.370826053	0.335392365	-0.818181818
518	-0.392399693	0.309874944	-0.818181818
519	-0.41222078	0.282973547	-0.818181818
520	-0.43020079	0.254808321	-0.818181818
521	-0.446259418	0.22550506	-0.818181818
522	-0.460324943	0.195194638	-0.818181818
523	-0.472334546	0.164012429	-0.818181818
524	-0.482234588	0.132097701	-0.818181818
525	-0.489980853	0.099592993	-0.818181818
526	-0.495538744	0.066643478	-0.818181818
527	-0.498883439	0.033396317	-0.818181818
528	-0.5	6.12574E-17	-0.818181818
529	0.5	0	-0.9
530	0.498883439	0.033396317	-0.9
531	0.495538744	0.066643478	-0.9
532	0.489980853	0.099592993	-0.9
533	0.482234588	0.132097701	-0.9
534	0.472334546	0.164012429	-0.9
535	0.460324943	0.195194638	-0.9
536	0.446259418	0.22550506	-0.9
537	0.43020079	0.254808321	-0.9
538	0.41222078	0.282973547	-0.9
539	0.392399693	0.309874944	-0.9
540	0.370826053	0.335392365	-0.9
541	0.347596214	0.359411842	-0.9
542	0.322813926	0.381826098	-0.9
543	0.296589872	0.402535027	-0.9
544	0.269041177	0.421446136	-0.9
545	0.240290878	0.438474964	-0.9
546	0.210467381	0.453545457	-0.9
547	0.179703886	0.466590306	-0.9
548	0.14813779	0.477551249	-0.9
549	0.115910075	0.486379332	-0.9
550	0.083164677	0.493035127	-0.9
551	0.050047846	0.497488908	-0.9
552	0.016707489	0.499720782	-0.9
553	-0.016707489	0.499720782	-0.9
554	-0.050047846	0.497488908	-0.9
555	-0.083164677	0.493035127	-0.9
556	-0.115910075	0.486379332	-0.9
557	-0.14813779	0.477551249	-0.9
558	-0.179703886	0.466590306	-0.9
559	-0.210467381	0.453545457	-0.9
560	-0.240290878	0.438474964	-0.9
561	-0.269041177	0.421446136	-0.9
562	-0.296589872	0.402535027	-0.9
563	-0.322813926	0.381826098	-0.9
564	-0.347596214	0.359411842	-0.9
565	-0.370826053	0.335392365	-0.9
566	-0.392399693	0.309874944	-0.9
567	-0.41222078	0.282973547	-0.9
568	-0.43020079	0.254808321	-0.9
569	-0.446259418	0.22550506	-0.9
570	-0.460324943	0.195194638	-0.9
571	-0.472334546	0.164012429	-0.9
572	-0.482234588	0.132097701	-0.9
573	-0.489980853	0.099592993	-0.9
574	-0.495538744	0.066643478	-0.9
575	-0.498883439	0.033396317	-0.9
576	-0.5	6.12574E-17	-0.9
577	0.477272727	5.8473E-17	-0.9
578	0.476206919	0.031878302	-0.9
579	0.473014256	0.063614229	-0.9
580	0.467708996	0.095066038	-0.9
581	0.460314834	0.12609326	-0.9
582	0.450864794	0.156557319	-0.9
583	0.439401082	0.186322154	-0.9
584	0.425974899	0.21525483	-0.9
585	0.410646208	0.243226125	-0.9
586	0.393483472	0.270111113	-0.9
587	0.374563343	0.29578972	-0.9
588	0.353970323	0.320147258	-0.9
589	0.331796386	0.34307494	-0.9
590	0.308140566	0.364470367	-0.9
591	0.283108515	0.38423798	-0.9
592	0.256812032	0.402289493	-0.9
593	0.229368565	0.418544284	-0.9
594	0.200900682	0.432929754	-0.9
595	0.171535528	0.445381655	-0.9
596	0.141404255	0.455844374	-0.9
597	0.110641435	0.46427118	-0.9
598	0.079384465	0.470624439	-0.9
599	0.047772944	0.474875775	-0.9
600	0.015948057	0.477006201	-0.9
601	-0.015948057	0.477006201	-0.9
602	-0.047772944	0.474875775	-0.9
603	-0.079384465	0.470624439	-0.9
604	-0.110641435	0.46427118	-0.9
605	-0.141404255	0.455844374	-0.9
606	-0.171535528	0.445381655	-0.9
607	-0.200900682	0.432929754	-0.9
608	-0.229368565	0.418544284	-0.9
609	-0.256812032	0.402289493	-0.9
610	-0.283108515	0.38423798	-0.9
611	-0.308140566	0.364470367	-0.9
612	-0.331796386	0.34307494	-0.9
613	-0.353970323	0.320147258	-0.9
614	-0.374563343	0.29578972	-0.9
615	-0.393483472	0.270111113	-0.9
616	-0.410646208	0.243226125	-0.9
617	-0.425974899	0.21525483	-0.9
618	-0.439401082	0.186322154	-0.9
619	-0.450864794	0.156557319	-0.9
620	-0.460314834	0.12609326	-0.9
621	-0.467708996	0.095066038	-0.9
622	-0.473014256	0.063614229	-0.9
623	-0.476206919	0.031878302	-0.9
624	-0.476206919	0	-0.9
625	0.454545455	5.56886E-17	-0.9
626	0.453530399	0.030360288	-0.9
627	0.450489767	0.06058498	-0.9
628	0.445437139	0.090539084	-0.9
629	0.43839508	0.120088819	-0.9
630	0.429395042	0.149102208	-0.9
631	0.418477221	0.177449671	-0.9
632	0.40569038	0.2050046	-0.9
633	0.391091627	0.231643928	-0.9
634	0.374746164	0.257248679	-0.9
635	0.356726993	0.281704495	-0.9
636	0.337114593	0.30490215	-0.9
637	0.315996558	0.326738038	-0.9
638	0.293467205	0.347114635	-0.9
639	0.269627157	0.365940933	-0.9
640	0.244582888	0.383132851	-0.9
641	0.218446252	0.398613604	-0.9
642	0.191333983	0.412314052	-0.9
643	0.163367169	0.424173005	-0.9
644	0.134670719	0.434137499	-0.9
645	0.105372796	0.442163029	-0.9
646	0.075604252	0.448213752	-0.9
647	0.045498042	0.452262643	-0.9
648	0.015188626	0.45429162	-0.9
649	-0.015188626	0.45429162	-0.9
650	-0.045498042	0.452262643	-0.9
651	-0.075604252	0.448213752	-0.9
652	-0.105372796	0.442163029	-0.9
653	-0.134670719	0.434137499	-0.9
654	-0.163367169	0.424173005	-0.9
655	-0.191333983	0.412314052	-0.9
656	-0.218446252	0.398613604	-0.9
657	-0.244582888	0.383132851	-0.9
658	-0.269627157	0.365940933	-0.9
659	-0.293467205	0.347114635	-0.9
660	-0.315996558	0.326738038	-0.9
661	-0.337114593	0.30490215	-0.9
662	-0.356726993	0.281704495	-0.9
663	-0.374746164	0.257248679	-0.9
664	-0.391091627	0.231643928	-0.9
665	-0.40569038	0.2050046	-0.9
666	-0.418477221	0.177449671	-0.9
667	-0.429395042	0.149102208	-0.9
668	-0.43839508	0.120088819	-0.9
669	-0.445437139	0.090539084	-0.9
670	-0.450489767	0.06058498	-0.9
671	-0.453530399	0.030360288	-0.9
672	-0.454545455	0	-0.9
673	0.431818182	5.29041E-17	-0.9
674	0.430853879	0.028842274	-0.9
675	0.427965279	0.057555731	-0.9
676	0.423165282	0.08601213	-0.9
677	0.416475326	0.114084378	-0.9
678	0.40792529	0.141647098	-0.9
679	0.39755336	0.168577187	-0.9
680	0.385405861	0.19475437	-0.9
681	0.371537046	0.220061732	-0.9
682	0.356008856	0.244386245	-0.9
683	0.338890644	0.26761927	-0.9
684	0.320258864	0.289657043	-0.9
685	0.30019673	0.310401136	-0.9
686	0.278793845	0.329758903	-0.9
687	0.256145799	0.347643887	-0.9
688	0.232353743	0.363976208	-0.9
689	0.20752394	0.378682924	-0.9
690	0.181767284	0.391698349	-0.9
691	0.155198811	0.402964355	-0.9
692	0.127937183	0.412430624	-0.9
693	0.100104156	0.420054878	-0.9
694	0.071824039	0.425803064	-0.9
695	0.04322314	0.429649511	-0.9
696	0.014429195	0.431577039	-0.9
697	-0.014429195	0.431577039	-0.9
698	-0.04322314	0.429649511	-0.9
699	-0.071824039	0.425803064	-0.9
700	-0.100104156	0.420054878	-0.9
701	-0.127937183	0.412430624	-0.9
702	-0.155198811	0.402964355	-0.9
703	-0.181767284	0.391698349	-0.9
704	-0.20752394	0.378682924	-0.9
705	-0.232353743	0.363976208	-0.9
706	-0.256145799	0.347643887	-0.9
707	-0.278793845	0.329758903	-0.9
708	-0.30019673	0.310401136	-0.9
709	-0.320258864	0.289657043	-0.9
710	-0.338890644	0.26761927	-0.9
711	-0.356008856	0.244386245	-0.9
712	-0.371537046	0.220061732	-0.9
713	-0.385405861	0.19475437	-0.9
714	-0.39755336	0.168577187	-0.9
715	-0.40792529	0.141647098	-0.9
716	-0.416475326	0.114084378	-0.9
717	-0.423165282	0.08601213	-0.9
718	-0.427965279	0.057555731	-0.9
719	-0.430853879	0.028842274	-0.9
720	-0.431818182	0	-0.9
721	0.409090909	5.01197E-17	-0.9
722	0.408177359	0.027324259	-0.9
723	0.405440791	0.054526482	-0.9
724	0.400893425	0.081485176	-0.9
725	0.394555572	0.108079937	-0.9
726	0.386455537	0.134191987	-0.9
727	0.376629499	0.159704703	-0.9
728	0.365121342	0.18450414	-0.9
729	0.351982464	0.208479536	-0.9
730	0.337271547	0.231523811	-0.9
731	0.321054294	0.253534045	-0.9
732	0.303403134	0.274411935	-0.9
733	0.284396902	0.294064234	-0.9
734	0.264120485	0.312403171	-0.9
735	0.242664441	0.32934684	-0.9
736	0.220124599	0.344819566	-0.9
737	0.196601627	0.358752243	-0.9
738	0.172200585	0.371082647	-0.9
739	0.147030453	0.381755705	-0.9
740	0.121203647	0.390723749	-0.9
741	0.094835516	0.397946726	-0.9
742	0.068043827	0.403392377	-0.9
743	0.040948237	0.407036379	-0.9
744	0.013669763	0.408862458	-0.9
745	-0.013669763	0.408862458	-0.9
746	-0.040948237	0.407036379	-0.9
747	-0.068043827	0.403392377	-0.9
748	-0.094835516	0.397946726	-0.9
749	-0.121203647	0.390723749	-0.9
750	-0.147030453	0.381755705	-0.9
751	-0.172200585	0.371082647	-0.9
752	-0.196601627	0.358752243	-0.9
753	-0.220124599	0.344819566	-0.9
754	-0.242664441	0.32934684	-0.9
755	-0.264120485	0.312403171	-0.9
756	-0.284396902	0.294064234	-0.9
757	-0.303403134	0.274411935	-0.9
758	-0.321054294	0.253534045	-0.9
759	-0.337271547	0.231523811	-0.9
760	-0.351982464	0.208479536	-0.9
761	-0.365121342	0.18450414	-0.9
762	-0.376629499	0.159704703	-0.9
763	-0.386455537	0.134191987	-0.9
764	-0.394555572	0.108079937	-0.9
765	-0.400893425	0.081485176	-0.9
766	-0.405440791	0.054526482	-0.9
767	-0.408177359	0.027324259	-0.9
768	-0.409090909	0	-0.9
769	0.386363636	4.73353E-17	-0.9
770	0.385500839	0.025806245	-0.9
771	0.382916302	0.051497233	-0.9
772	0.378621568	0.076958222	-0.9
773	0.372635818	0.102075496	-0.9
774	0.364985785	0.126736877	-0.9
775	0.355705638	0.15083222	-0.9
776	0.344836823	0.17425391	-0.9
777	0.332427883	0.196897339	-0.9
778	0.318534239	0.218661377	-0.9
779	0.303217944	0.239448821	-0.9
780	0.286547404	0.259166828	-0.9
781	0.268597074	0.277727332	-0.9
782	0.249447124	0.29504744	-0.9
783	0.229183083	0.311049793	-0.9
784	0.207895455	0.325662923	-0.9
785	0.185679315	0.338821563	-0.9
786	0.162633885	0.350466944	-0.9
787	0.138862094	0.360547054	-0.9
788	0.114470111	0.369016874	-0.9
789	0.089566876	0.375838575	-0.9
790	0.064263614	0.380981689	-0.9
791	0.038673335	0.384423247	-0.9
792	0.012910332	0.386147877	-0.9
793	-0.012910332	0.386147877	-0.9
794	-0.038673335	0.384423247	-0.9
795	-0.064263614	0.380981689	-0.9
796	-0.089566876	0.375838575	-0.9
797	-0.114470111	0.369016874	-0.9
798	-0.138862094	0.360547054	-0.9
799	-0.162633885	0.350466944	-0.9
800	-0.185679315	0.338821563	-0.9
801	-0.207895455	0.325662923	-0.9
802	-0.229183083	0.311049793	-0.9
803	-0.249447124	0.29504744	-0.9
804	-0.268597074	0.277727332	-0.9
805	-0.286547404	0.259166828	-0.9
806	-0.303217944	0.239448821	-0.9
807	-0.318534239	0.218661377	-0.9
808	-0.332427883	0.196897339	-0.9
809	-0.344836823	0.17425391	-0.9
810	-0.355705638	0.15083222	-0.9
811	-0.364985785	0.126736877	-0.9
812	-0.372635818	0.102075496	-0.9
813	-0.378621568	0.076958222	-0.9
814	-0.382916302	0.051497233	-0.9
815	-0.385500839	0.025806245	-0.9
816	-0.386363636	0	-0.9
817	0.363636364	4.45509E-17	-0.9
818	0.362824319	0.02428823	-0.9
819	0.360391814	0.048467984	-0.9
820	0.356349711	0.072431267	-0.9
821	0.350716064	0.096071055	-0.9
822	0.343516033	0.119281766	-0.9
823	0.334781777	0.141959736	-0.9
824	0.324552304	0.16400368	-0.9
825	0.312873302	0.185315143	-0.9
826	0.299796931	0.205798943	-0.9
827	0.285381595	0.225363596	-0.9
828	0.269691675	0.24392172	-0.9
829	0.252797246	0.261390431	-0.9
830	0.234773764	0.277691708	-0.9
831	0.215701725	0.292752747	-0.9
832	0.19566631	0.306506281	-0.9
833	0.174757002	0.318890883	-0.9
834	0.153067186	0.329851241	-0.9
835	0.130693736	0.339338404	-0.9
836	0.107736575	0.347309999	-0.9
837	0.084298236	0.353730423	-0.9
838	0.060483402	0.358571001	-0.9
839	0.036398433	0.361810115	-0.9
840	0.012150901	0.363433296	-0.9
841	-0.012150901	0.363433296	-0.9
842	-0.036398433	0.361810115	-0.9
843	-0.060483402	0.358571001	-0.9
844	-0.084298236	0.353730423	-0.9
845	-0.107736575	0.347309999	-0.9
846	-0.130693736	0.339338404	-0.9
847	-0.153067186	0.329851241	-0.9
848	-0.174757002	0.318890883	-0.9
849	-0.19566631	0.306506281	-0.9
850	-0.215701725	0.292752747	-0.9
851	-0.234773764	0.277691708	-0.9
852	-0.252797246	0.261390431	-0.9
853	-0.269691675	0.24392172	-0.9
854	-0.285381595	0.225363596	-0.9
855	-0.299796931	0.205798943	-0.9
856	-0.312873302	0.185315143	-0.9
857	-0.324552304	0.16400368	-0.9
858	-0.334781777	0.141959736	-0.9
859	-0.343516033	0.119281766	-0.9
860	-0.350716064	0.096071055	-0.9
861	-0.356349711	0.072431267	-0.9
862	-0.360391814	0.048467984	-0.9
863	-0.362824319	0.02428823	-0.9
864	-0.363636364	0	-0.9
865	0.340909091	4.17664E-17	-0.9
866	0.3401478	0.022770216	-0.9
867	0.337867326	0.045438735	-0.9
868	0.334077854	0.067904313	-0.9
869	0.32879631	0.090066614	-0.9
870	0.322046281	0.111826656	-0.9
871	0.313857916	0.133087253	-0.9
872	0.304267785	0.15375345	-0.9
873	0.29331872	0.173732946	-0.9
874	0.281059623	0.192936509	-0.9
875	0.267545245	0.211278371	-0.9
876	0.252835945	0.228676613	-0.9
877	0.236997419	0.245053529	-0.9
878	0.220100404	0.260335976	-0.9
879	0.202220368	0.2744557	-0.9
880	0.183437166	0.287349638	-0.9
881	0.163834689	0.298960203	-0.9
882	0.143500487	0.309235539	-0.9
883	0.122525377	0.318129754	-0.9
884	0.101003039	0.325603124	-0.9
885	0.079029597	0.331622272	-0.9
886	0.056703189	0.336160314	-0.9
887	0.034123531	0.339196982	-0.9
888	0.011391469	0.340718715	-0.9
889	-0.011391469	0.340718715	-0.9
890	-0.034123531	0.339196982	-0.9
891	-0.056703189	0.336160314	-0.9
892	-0.079029597	0.331622272	-0.9
893	-0.101003039	0.325603124	-0.9
894	-0.122525377	0.318129754	-0.9
895	-0.143500487	0.309235539	-0.9
896	-0.163834689	0.298960203	-0.9
897	-0.183437166	0.287349638	-0.9
898	-0.202220368	0.2744557	-0.9
899	-0.220100404	0.260335976	-0.9
900	-0.236997419	0.245053529	-0.9
901	-0.252835945	0.228676613	-0.9
902	-0.267545245	0.211278371	-0.9
903	-0.281059623	0.192936509	-0.9
904	-0.29331872	0.173732946	-0.9
905	-0.304267785	0.15375345	-0.9
906	-0.313857916	0.133087253	-0.9
907	-0.322046281	0.111826656	-0.9
908	-0.32879631	0.090066614	-0.9
909	-0.334077854	0.067904313	-0.9
910	-0.337867326	0.045438735	-0.9
911	-0.3401478	0.022770216	-0.9
912	-0.340909091	0	-0.9
913	0.318181818	3.8982E-17	-0.9
914	0.31747128	0.021252202	-0.9
915	0.315342837	0.042409486	-0.9
916	0.311805997	0.063377359	-0.9
917	0.306876556	0.084062173	-0.9
918	0.300576529	0.104371546	-0.9
919	0.292934055	0.124214769	-0.9
920	0.283983266	0.14350322	-0.9
921	0.273764139	0.16215075	-0.9
922	0.262322315	0.180074075	-0.9
923	0.249708895	0.197193146	-0.9
924	0.235980215	0.213431505	-0.9
925	0.221197591	0.228716627	-0.9
926	0.205427044	0.242980244	-0.9
927	0.18873901	0.256158653	-0.9
928	0.171208021	0.268192995	-0.9
929	0.152912377	0.279029523	-0.9
930	0.133933788	0.288619836	-0.9
931	0.114357019	0.296921104	-0.9
932	0.094269503	0.303896249	-0.9
933	0.073760957	0.30951412	-0.9
934	0.052922976	0.313749626	-0.9
935	0.031848629	0.31658385	-0.9
936	0.010632038	0.318004134	-0.9
937	-0.010632038	0.318004134	-0.9
938	-0.031848629	0.31658385	-0.9
939	-0.052922976	0.313749626	-0.9
940	-0.073760957	0.30951412	-0.9
941	-0.094269503	0.303896249	-0.9
942	-0.114357019	0.296921104	-0.9
943	-0.133933788	0.288619836	-0.9
944	-0.152912377	0.279029523	-0.9
945	-0.171208021	0.268192995	-0.9
946	-0.18873901	0.256158653	-0.9
947	-0.205427044	0.242980244	-0.9
948	-0.221197591	0.228716627	-0.9
949	-0.235980215	0.213431505	-0.9
950	-0.249708895	0.197193146	-0.9
951	-0.262322315	0.180074075	-0.9
952	-0.273764139	0.16215075	-0.9
953	-0.283983266	0.14350322	-0.9
954	-0.292934055	0.124214769	-0.9
955	-0.300576529	0.104371546	-0.9
956	-0.306876556	0.084062173	-0.9
957	-0.311805997	0.063377359	-0.9
958	-0.315342837	0.042409486	-0.9
959	-0.31747128	0.021252202	-0.9
960	-0.318181818	0	-0.9
961	0.295454545	3.61976E-17	-0.9
962	0.29479476	0.019734187	-0.9
963	0.292818349	0.039380237	-0.9
964	0.28953414	0.058850405	-0.9
965	0.284956802	0.078057732	-0.9
966	0.279106777	0.096916435	-0.9
967	0.272010194	0.115342286	-0.9
968	0.263698747	0.13325299	-0.9
969	0.254209558	0.150568553	-0.9
970	0.243585006	0.167211642	-0.9
971	0.231872546	0.183107922	-0.9
972	0.219124486	0.198186398	-0.9
973	0.205397763	0.212379725	-0.9
974	0.190753683	0.225624513	-0.9
975	0.175257652	0.237861607	-0.9
976	0.158978877	0.249036353	-0.9
977	0.141990064	0.259098842	-0.9
978	0.124367089	0.268004134	-0.9
979	0.10618866	0.275712453	-0.9
980	0.087535967	0.282189374	-0.9
981	0.068492317	0.287405969	-0.9
982	0.049142764	0.291338939	-0.9
983	0.029573727	0.293970718	-0.9
984	0.009872607	0.295289553	-0.9
985	-0.009872607	0.295289553	-0.9
986	-0.029573727	0.293970718	-0.9
987	-0.049142764	0.291338939	-0.9
988	-0.068492317	0.287405969	-0.9
989	-0.087535967	0.282189374	-0.9
990	-0.10618866	0.275712453	-0.9
991	-0.124367089	0.268004134	-0.9
992	-0.141990064	0.259098842	-0.9
993	-0.158978877	0.249036353	-0.9
994	-0.175257652	0.237861607	-0.9
995	-0.190753683	0.225624513	-0.9
996	-0.205397763	0.212379725	-0.9
997	-0.219124486	0.198186398	-0.9
998	-0.231872546	0.183107922	-0.9
999	-0.243585006	0.167211642	-0.9
1000	-0.254209558	0.150568553	-0.9
1001	-0.263698747	0.13325299	-0.9
1002	-0.272010194	0.115342286	-0.9
1003	-0.279106777	0.096916435	-0.9
1004	-0.284956802	0.078057732	-0.9
1005	-0.28953414	0.058850405	-0.9
1006	-0.292818349	0.039380237	-0.9
1007	-0.29479476	0.019734187	-0.9
1008	-0.295454545	0	-0.9
1009	0.272727273	3.34131E-17	-0.9
1010	0.27211824	0.018216173	-0.9
1011	0.27029386	0.036350988	-0.9
1012	0.267262283	0.05432345	-0.9
1013	0.263037048	0.072053291	-0.9
1014	0.257637025	0.089461325	-0.9
1015	0.251086333	0.106469802	-0.9
1016	0.243414228	0.12300276	-0.9
1017	0.234654976	0.138986357	-0.9
1018	0.224847698	0.154349208	-0.9
1019	0.214036196	0.169022697	-0.9
1020	0.202268756	0.18294129	-0.9
1021	0.189597935	0.196042823	-0.9
1022	0.176080323	0.208268781	-0.9
1023	0.161776294	0.21956456	-0.9
1024	0.146749733	0.22987971	-0.9
1025	0.131067751	0.239168162	-0.9
1026	0.11480039	0.247388431	-0.9
1027	0.098020302	0.254503803	-0.9
1028	0.080802431	0.260482499	-0.9
1029	0.063223677	0.265297817	-0.9
1030	0.045362551	0.268928251	-0.9
1031	0.027298825	0.271357586	-0.9
1032	0.009113176	0.272574972	-0.9
1033	-0.009113176	0.272574972	-0.9
1034	-0.027298825	0.271357586	-0.9
1035	-0.045362551	0.268928251	-0.9
1036	-0.063223677	0.265297817	-0.9
1037	-0.080802431	0.260482499	-0.9
1038	-0.098020302	0.254503803	-0.9
1039	-0.11480039	0.247388431	-0.9
1040	-0.131067751	0.239168162	-0.9
1041	-0.146749733	0.22987971	-0.9
1042	-0.161776294	0.21956456	-0.9
1043	-0.176080323	0.208268781	-0.9
1044	-0.189597935	0.196042823	-0.9
1045	-0.202268756	0.18294129	-0.9
1046	-0.214036196	0.169022697	-0.9
1047	-0.224847698	0.154349208	-0.9
1048	-0.234654976	0.138986357	-0.9
1049	-0.243414228	0.12300276	-0.9
1050	-0.251086333	0.106469802	-0.9
1051	-0.257637025	0.089461325	-0.9
1052	-0.263037048	0.072053291	-0.9
1053	-0.267262283	0.05432345	-0.9
1054	-0.27029386	0.036350988	-0.9
1055	-0.27211824	0.018216173	-0.9
1056	-0.272727273	0	-0.9
1057	0.25	3.06287E-17	-0.9
1058	0.24944172	0.016698158	-0.9
1059	0.247769372	0.033321739	-0.9
1060	0.244990426	0.049796496	-0.9
1061	0.241117294	0.06604885	-0.9
1062	0.236167273	0.082006214	-0.9
1063	0.230162472	0.097597319	-0.9
1064	0.223129709	0.11275253	-0.9
1065	0.215100395	0.127404161	-0.9
1066	0.20611039	0.141486774	-0.9
1067	0.196199846	0.154937472	-0.9
1068	0.185413026	0.167696183	-0.9
1069	0.173798107	0.179705921	-0.9
1070	0.161406963	0.190913049	-0.9
1071	0.148294936	0.201267513	-0.9
1072	0.134520588	0.210723068	-0.9
1073	0.120145439	0.219237482	-0.9
1074	0.105233691	0.226772728	-0.9
1075	0.089851943	0.233295153	-0.9
1076	0.074068895	0.238775624	-0.9
1077	0.057955038	0.243189666	-0.9
1078	0.041582339	0.246517563	-0.9
1079	0.025023923	0.248744454	-0.9
1080	0.008353744	0.249860391	-0.9
1081	-0.008353744	0.249860391	-0.9
1082	-0.025023923	0.248744454	-0.9
1083	-0.041582339	0.246517563	-0.9
1084	-0.057955038	0.243189666	-0.9
1085	-0.074068895	0.238775624	-0.9
1086	-0.089851943	0.233295153	-0.9
1087	-0.105233691	0.226772728	-0.9
1088	-0.120145439	0.219237482	-0.9
1089	-0.134520588	0.210723068	-0.9
1090	-0.148294936	0.201267513	-0.9
1091	-0.161406963	0.190913049	-0.9
1092	-0.173798107	0.179705921	-0.9
1093	-0.185413026	0.167696183	-0.9
1094	-0.196199846	0.154937472	-0.9
1095	-0.20611039	0.141486774	-0.9
1096	-0.215100395	0.127404161	-0.9
1097	-0.223129709	0.11275253	-0.9
1098	-0.230162472	0.097597319	-0.9
1099	-0.236167273	0.082006214	-0.9
1100	-0.241117294	0.06604885	-0.9
1101	-0.244990426	0.049796496	-0.9
1102	-0.247769372	0.033321739	-0.9
1103	-0.24944172	0.016698158	-0.9
1104	-0.25	0	-0.9
1105	0.227272727	2.78443E-17	-0.9
1106	0.2267652	0.015180144	-0.9
1107	0.225244884	0.03029249	-0.9
1108	0.222718569	0.045269542	-0.9
1109	0.21919754	0.06004441	-0.9
1110	0.214697521	0.074551104	-0.9
1111	0.209238611	0.088724835	-0.9
1112	0.20284519	0.1025023	-0.9
1113	0.195545813	0.115821964	-0.9
1114	0.187373082	0.12862434	-0.9
1115	0.178363497	0.140852247	-0.9
1116	0.168557297	0.152451075	-0.9
1117	0.157998279	0.163369019	-0.9
1118	0.146733603	0.173557317	-0.9
1119	0.134813578	0.182970467	-0.9
1120	0.122291444	0.191566425	-0.9
1121	0.109223126	0.199306802	-0.9
1122	0.095666991	0.206157026	-0.9
1123	0.081683585	0.212086503	-0.9
1124	0.067335359	0.217068749	-0.9
1125	0.052686398	0.221081514	-0.9
1126	0.037802126	0.224106876	-0.9
1127	0.022749021	0.226131322	-0.9
1128	0.007594313	0.22714581	-0.9
1129	-0.007594313	0.22714581	-0.9
1130	-0.022749021	0.226131322	-0.9
1131	-0.037802126	0.224106876	-0.9
1132	-0.052686398	0.221081514	-0.9
1133	-0.067335359	0.217068749	-0.9
1134	-0.081683585	0.212086503	-0.9
1135	-0.095666991	0.206157026	-0.9
1136	-0.109223126	0.199306802	-0.9
1137	-0.122291444	0.191566425	-0.9
1138	-0.134813578	0.182970467	-0.9
1139	-0.146733603	0.173557317	-0.9
1140	-0.157998279	0.163369019	-0.9
1141	-0.168557297	0.152451075	-0.9
1142	-0.178363497	0.140852247	-0.9
1143	-0.187373082	0.12862434	-0.9
1144	-0.195545813	0.115821964	-0.9
1145	-0.20284519	0.1025023	-0.9
1146	-0.209238611	0.088724835	-0.9
1147	-0.214697521	0.074551104	-0.9
1148	-0.21919754	0.06004441	-0.9
1149	-0.222718569	0.045269542	-0.9
1150	-0.225244884	0.03029249	-0.9
1151	-0.2267652	0.015180144	-0.9
1152	-0.227272727	0	-0.9
1153	0.204545455	2.50599E-17	-0.9
1154	0.20408868	0.01366213	-0.9
1155	0.202720395	0.027263241	-0.9
1156	0.200446712	0.040742588	-0.9
1157	0.197277786	0.054039969	-0.9
1158	0.193227769	0.067095994	-0.9
1159	0.18831475	0.079852352	-0.9
1160	0.182560671	0.09225207	-0.9
1161	0.175991232	0.104239768	-0.9
1162	0.168635774	0.115761906	-0.9
1163	0.160527147	0.126767023	-0.9
1164	0.151701567	0.137205968	-0.9
1165	0.142198451	0.147032117	-0.9
1166	0.132060242	0.156201586	-0.9
1167	0.121332221	0.16467342	-0.9
1168	0.1100623	0.172409783	-0.9
1169	0.098300814	0.179376122	-0.9
1170	0.086100292	0.185541323	-0.9
1171	0.073515226	0.190877852	-0.9
1172	0.060601823	0.195361874	-0.9
1173	0.047417758	0.198973363	-0.9
1174	0.034021913	0.201696188	-0.9
1175	0.020474119	0.203518189	-0.9
1176	0.006834882	0.204431229	-0.9
1177	-0.006834882	0.204431229	-0.9
1178	-0.020474119	0.203518189	-0.9
1179	-0.034021913	0.201696188	-0.9
1180	-0.047417758	0.198973363	-0.9
1181	-0.060601823	0.195361874	-0.9
1182	-0.073515226	0.190877852	-0.9
1183	-0.086100292	0.185541323	-0.9
1184	-0.098300814	0.179376122	-0.9
1185	-0.1100623	0.172409783	-0.9
1186	-0.121332221	0.16467342	-0.9
1187	-0.132060242	0.156201586	-0.9
1188	-0.142198451	0.147032117	-0.9
1189	-0.151701567	0.137205968	-0.9
1190	-0.160527147	0.126767023	-0.9
1191	-0.168635774	0.115761906	-0.9
1192	-0.175991232	0.104239768	-0.9
1193	-0.182560671	0.09225207	-0.9
1194	-0.18831475	0.079852352	-0.9
1195	-0.193227769	0.067095994	-0.9
1196	-0.197277786	0.054039969	-0.9
1197	-0.200446712	0.040742588	-0.9
1198	-0.202720395	0.027263241	-0.9
1199	-0.20408868	0.01366213	-0.9
1200	-0.204545455	0	-0.9
1201	0.181818182	2.22754E-17	-0.9
1202	0.18141216	0.012144115	-0.9
1203	0.180195907	0.024233992	-0.9
1204	0.178174855	0.036215634	-0.9
1205	0.175358032	0.048035528	-0.9
1206	0.171758017	0.059640883	-0.9
1207	0.167390888	0.070979868	-0.9
1208	0.162276152	0.08200184	-0.9
1209	0.156436651	0.092657571	-0.9
1210	0.149898466	0.102899472	-0.9
1211	0.142690797	0.112681798	-0.9
1212	0.134845837	0.12196086	-0.9
1213	0.126398623	0.130695215	-0.9
1214	0.117386882	0.138845854	-0.9
1215	0.107850863	0.146376373	-0.9
1216	0.097833155	0.15325314	-0.9
1217	0.087378501	0.159445441	-0.9
1218	0.076533593	0.164925621	-0.9
1219	0.065346868	0.169669202	-0.9
1220	0.053868287	0.173654999	-0.9
1221	0.042149118	0.176865212	-0.9
1222	0.030241701	0.179285501	-0.9
1223	0.018199217	0.180905057	-0.9
1224	0.00607545	0.181716648	-0.9
1225	-0.00607545	0.181716648	-0.9
1226	-0.018199217	0.180905057	-0.9
1227	-0.030241701	0.179285501	-0.9
1228	-0.042149118	0.176865212	-0.9
1229	-0.053868287	0.173654999	-0.9
1230	-0.065346868	0.169669202	-0.9
1231	-0.076533593	0.164925621	-0.9
1232	-0.087378501	0.159445441	-0.9
1233	-0.097833155	0.15325314	-0.9
1234	-0.107850863	0.146376373	-0.9
1235	-0.117386882	0.138845854	-0.9
1236	-0.126398623	0.130695215	-0.9
1237	-0.134845837	0.12196086	-0.9
1238	-0.142690797	0.112681798	-0.9
1239	-0.149898466	0.102899472	-0.9
1240	-0.156436651	0.092657571	-0.9
1241	-0.162276152	0.08200184	-0.9
1242	-0.167390888	0.070979868	-0.9
1243	-0.171758017	0.059640883	-0.9
1244	-0.175358032	0.048035528	-0.9
1245	-0.178174855	0.036215634	-0.9
1246	-0.180195907	0.024233992	-0.9
1247	-0.18141216	0.012144115	-0.9
1248	-0.181818182	0	-0.9
1249	0.159090909	1.9491E-17	-0.9
1250	0.15873564	0.010626101	-0.9
1251	0.157671419	0.021204743	-0.9
1252	0.155902999	0.031688679	-0.9
1253	0.153438278	0.042031087	-0.9
1254	0.150288265	0.052185773	-0.9
1255	0.146467027	0.062107385	-0.9
1256	0.141991633	0.07175161	-0.9
1257	0.136882069	0.081075375	-0.9
1258	0.131161157	0.090037038	-0.9
1259	0.124854448	0.098596573	-0.9
1260	0.117990108	0.106715753	-0.9
1261	0.110598795	0.114358313	-0.9
1262	0.102713522	0.121490122	-0.9
1263	0.094369505	0.128079327	-0.9
1264	0.085604011	0.134096498	-0.9
1265	0.076456188	0.139514761	-0.9
1266	0.066966894	0.144309918	-0.9
1267	0.057178509	0.148460552	-0.9
1268	0.047134752	0.151948125	-0.9
1269	0.036880478	0.15475706	-0.9
1270	0.026461488	0.156874813	-0.9
1271	0.015924315	0.158291925	-0.9
1272	0.005316019	0.159002067	-0.9
1273	-0.005316019	0.159002067	-0.9
1274	-0.015924315	0.158291925	-0.9
1275	-0.026461488	0.156874813	-0.9
1276	-0.036880478	0.15475706	-0.9
1277	-0.047134752	0.151948125	-0.9
1278	-0.057178509	0.148460552	-0.9
1279	-0.066966894	0.144309918	-0.9
1280	-0.076456188	0.139514761	-0.9
1281	-0.085604011	0.134096498	-0.9
1282	-0.094369505	0.128079327	-0.9
1283	-0.102713522	0.121490122	-0.9
1284	-0.110598795	0.114358313	-0.9
1285	-0.117990108	0.106715753	-0.9
1286	-0.124854448	0.098596573	-0.9
1287	-0.131161157	0.090037038	-0.9
1288	-0.136882069	0.081075375	-0.9
1289	-0.141991633	0.07175161	-0.9
1290	-0.146467027	0.062107385	-0.9
1291	-0.150288265	0.052185773	-0.9
1292	-0.153438278	0.042031087	-0.9
1293	-0.155902999	0.031688679	-0.9
1294	-0.157671419	0.021204743	-0.9
1295	-0.15873564	0.010626101	-0.9
1296	-0.159090909	0	-0.9
1297	0.136363636	1.67066E-17	-0.9
1298	0.13605912	0.009108086	-0.9
1299	0.13514693	0.018175494	-0.9
1300	0.133631142	0.027161725	-0.9
1301	0.131518524	0.036026646	-0.9
1302	0.128818512	0.044730662	-0.9
1303	0.125543166	0.053234901	-0.9
1304	0.121707114	0.06150138	-0.9
1305	0.117327488	0.069493179	-0.9
1306	0.112423849	0.077174604	-0.9
1307	0.107018098	0.084511348	-0.9
1308	0.101134378	0.091470645	-0.9
1309	0.094798967	0.098021411	-0.9
1310	0.088040162	0.10413439	-0.9
1311	0.080888147	0.10978228	-0.9
1312	0.073374866	0.114939855	-0.9
1313	0.065533876	0.119584081	-0.9
1314	0.057400195	0.123694216	-0.9
1315	0.049010151	0.127251902	-0.9
1316	0.040401216	0.13024125	-0.9
1317	0.031611839	0.132648909	-0.9
1318	0.022681276	0.134464126	-0.9
1319	0.013649412	0.135678793	-0.9
1320	0.004556588	0.136287486	-0.9
1321	-0.004556588	0.136287486	-0.9
1322	-0.013649412	0.135678793	-0.9
1323	-0.022681276	0.134464126	-0.9
1324	-0.031611839	0.132648909	-0.9
1325	-0.040401216	0.13024125	-0.9
1326	-0.049010151	0.127251902	-0.9
1327	-0.057400195	0.123694216	-0.9
1328	-0.065533876	0.119584081	-0.9
1329	-0.073374866	0.114939855	-0.9
1330	-0.080888147	0.10978228	-0.9
1331	-0.088040162	0.10413439	-0.9
1332	-0.094798967	0.098021411	-0.9
1333	-0.101134378	0.091470645	-0.9
1334	-0.107018098	0.084511348	-0.9
1335	-0.112423849	0.077174604	-0.9
1336	-0.117327488	0.069493179	-0.9
1337	-0.121707114	0.06150138	-0.9
1338	-0.125543166	0.053234901	-0.9
1339	-0.128818512	0.044730662	-0.9
1340	-0.131518524	0.036026646	-0.9
1341	-0.133631142	0.027161725	-0.9
1342	-0.13514693	0.018175494	-0.9
1343	-0.13605912	0.009108086	-0.9
1344	-0.136363636	0	-0.9
1345	0.113636364	1.39221E-17	-0.9
1346	0.1133826	0.007590072	-0.9
1347	0.112622442	0.015146245	-0.9
1348	0.111359285	0.022634771	-0.9
1349	0.10959877	0.030022205	-0.9
1350	0.10734876	0.037275552	-0.9
1351	0.104619305	0.044362418	-0.9
1352	0.101422595	0.05125115	-0.9
1353	0.097772907	0.057910982	-0.9
1354	0.093686541	0.06431217	-0.9
1355	0.089181748	0.070426124	-0.9
1356	0.084278648	0.076225538	-0.9
1357	0.07899914	0.08168451	-0.9
1358	0.073366801	0.086778659	-0.9
1359	0.067406789	0.091485233	-0.9
1360	0.061145722	0.095783213	-0.9
1361	0.054611563	0.099653401	-0.9
1362	0.047833496	0.103078513	-0.9
1363	0.040841792	0.106043251	-0.9
1364	0.03366768	0.108534375	-0.9
1365	0.026343199	0.110540757	-0.9
1366	0.018901063	0.112053438	-0.9
1367	0.01137451	0.113065661	-0.9
1368	0.003797156	0.113572905	-0.9
1369	-0.003797156	0.113572905	-0.9
1370	-0.01137451	0.113065661	-0.9
1371	-0.018901063	0.112053438	-0.9
1372	-0.026343199	0.110540757	-0.9
1373	-0.03366768	0.108534375	-0.9
1374	-0.040841792	0.106043251	-0.9
1375	-0.047833496	0.103078513	-0.9
1376	-0.054611563	0.099653401	-0.9
1377	-0.061145722	0.095783213	-0.9
1378	-0.067406789	0.091485233	-0.9
1379	-0.073366801	0.086778659	-0.9
1380	-0.07899914	0.08168451	-0.9
1381	-0.084278648	0.076225538	-0.9
1382	-0.089181748	0.070426124	-0.9
1383	-0.093686541	0.06431217	-0.9
1384	-0.097772907	0.057910982	-0.9
1385	-0.101422595	0.05125115	-0.9
1386	-0.104619305	0.044362418	-0.9
1387	-0.10734876	0.037275552	-0.9
1388	-0.10959877	0.030022205	-0.9
1389	-0.111359285	0.022634771	-0.9
1390	-0.112622442	0.015146245	-0.9
1391	-0.1133826	0.007590072	-0.9
1392	-0.113636364	0	-0.9
1393	0.090909091	1.11377E-17	-0.9
1394	0.09070608	0.006072058	-0.9
1395	0.090097953	0.012116996	-0.9
1396	0.089087428	0.018107817	-0.9
1397	0.087679016	0.024017764	-0.9
1398	0.085879008	0.029820442	-0.9
1399	0.083695444	0.035489934	-0.9
1400	0.081138076	0.04100092	-0.9
1401	0.078218325	0.046328786	-0.9
1402	0.074949233	0.051449736	-0.9
1403	0.071345399	0.056340899	-0.9
1404	0.067422919	0.06098043	-0.9
1405	0.063199312	0.065347608	-0.9
1406	0.058693441	0.069422927	-0.9
1407	0.053925431	0.073188187	-0.9
1408	0.048916578	0.07662657	-0.9
1409	0.04368925	0.079722721	-0.9
1410	0.038266797	0.08246281	-0.9
1411	0.032673434	0.084834601	-0.9
1412	0.026934144	0.0868275	-0.9
1413	0.021074559	0.088432606	-0.9
1414	0.01512085	0.08964275	-0.9
1415	0.009099608	0.090452529	-0.9
1416	0.003037725	0.090858324	-0.9
1417	-0.003037725	0.090858324	-0.9
1418	-0.009099608	0.090452529	-0.9
1419	-0.01512085	0.08964275	-0.9
1420	-0.021074559	0.088432606	-0.9
1421	-0.026934144	0.0868275	-0.9
1422	-0.032673434	0.084834601	-0.9
1423	-0.038266797	0.08246281	-0.9
1424	-0.04368925	0.079722721	-0.9
1425	-0.048916578	0.07662657	-0.9
1426	-0.053925431	0.073188187	-0.9
1427	-0.058693441	0.069422927	-0.9
1428	-0.063199312	0.065347608	-0.9
1429	-0.067422919	0.06098043	-0.9
1430	-0.071345399	0.056340899	-0.9
1431	-0.074949233	0.051449736	-0.9
1432	-0.078218325	0.046328786	-0.9
1433	-0.081138076	0.04100092	-0.9
1434	-0.083695444	0.035489934	-0.9
1435	-0.085879008	0.029820442	-0.9
1436	-0.087679016	0.024017764	-0.9
1437	-0.089087428	0.018107817	-0.9
1438	-0.090097953	0.012116996	-0.9
1439	-0.09070608	0.006072058	-0.9
1440	-0.090909091	0	-0.9
1441	0.068181818	8.35328E-18	-0.9
1442	0.06802956	0.004554043	-0.9
1443	0.067573465	0.009087747	-0.9
1444	0.066815571	0.013580863	-0.9
1445	0.065759262	0.018013323	-0.9
1446	0.064409256	0.022365331	-0.9
1447	0.062771583	0.026617451	-0.9
1448	0.060853557	0.03075069	-0.9
1449	0.058663744	0.034746589	-0.9
1450	0.056211925	0.038587302	-0.9
1451	0.053509049	0.042255674	-0.9
1452	0.050567189	0.045735323	-0.9
1453	0.047399484	0.049010706	-0.9
1454	0.044020081	0.052067195	-0.9
1455	0.040444074	0.05489114	-0.9
1456	0.036687433	0.057469928	-0.9
1457	0.032766938	0.059792041	-0.9
1458	0.028700097	0.061847108	-0.9
1459	0.024505075	0.063625951	-0.9
1460	0.020200608	0.065120625	-0.9
1461	0.015805919	0.066324454	-0.9
1462	0.011340638	0.067232063	-0.9
1463	0.006824706	0.067839396	-0.9
1464	0.002278294	0.068143743	-0.9
1465	-0.002278294	0.068143743	-0.9
1466	-0.006824706	0.067839396	-0.9
1467	-0.011340638	0.067232063	-0.9
1468	-0.015805919	0.066324454	-0.9
1469	-0.020200608	0.065120625	-0.9
1470	-0.024505075	0.063625951	-0.9
1471	-0.028700097	0.061847108	-0.9
1472	-0.032766938	0.059792041	-0.9
1473	-0.036687433	0.057469928	-0.9
1474	-0.040444074	0.05489114	-0.9
1475	-0.044020081	0.052067195	-0.9
1476	-0.047399484	0.049010706	-0.9
1477	-0.050567189	0.045735323	-0.9
1478	-0.053509049	0.042255674	-0.9
1479	-0.056211925	0.038587302	-0.9
1480	-0.058663744	0.034746589	-0.9
1481	-0.060853557	0.03075069	-0.9
1482	-0.062771583	0.026617451	-0.9
1483	-0.064409256	0.022365331	-0.9
1484	-0.065759262	0.018013323	-0.9
1485	-0.066815571	0.013580863	-0.9
1486	-0.067573465	0.009087747	-0.9
1487	-0.06802956	0.004554043	-0.9
1488	-0.068181818	0	-0.9
1489	0.045454545	5.56886E-18	-0.9
1490	0.04535304	0.003036029	-0.9
1491	0.045048977	0.006058498	-0.9
1492	0.044543714	0.009053908	-0.9
1493	0.043839508	0.012008882	-0.9
1494	0.042939504	0.014910221	-0.9
1495	0.041847722	0.017744967	-0.9
1496	0.040569038	0.02050046	-0.9
1497	0.039109163	0.023164393	-0.9
1498	0.037474616	0.025724868	-0.9
1499	0.035672699	0.028170449	-0.9
1500	0.033711459	0.030490215	-0.9
1501	0.031599656	0.032673804	-0.9
1502	0.029346721	0.034711463	-0.9
1503	0.026962716	0.036594093	-0.9
1504	0.024458289	0.038313285	-0.9
1505	0.021844625	0.03986136	-0.9
1506	0.019133398	0.041231405	-0.9
1507	0.016336717	0.042417301	-0.9
1508	0.013467072	0.04341375	-0.9
1509	0.01053728	0.044216303	-0.9
1510	0.007560425	0.044821375	-0.9
1511	0.004549804	0.045226264	-0.9
1512	0.001518863	0.045429162	-0.9
1513	-0.001518863	0.045429162	-0.9
1514	-0.004549804	0.045226264	-0.9
1515	-0.007560425	0.044821375	-0.9
1516	-0.01053728	0.044216303	-0.9
1517	-0.013467072	0.04341375	-0.9
1518	-0.016336717	0.042417301	-0.9
1519	-0.019133398	0.041231405	-0.9
1520	-0.021844625	0.03986136	-0.9
1521	-0.024458289	0.038313285	-0.9
1522	-0.026962716	0.036594093	-0.9
1523	-0.029346721	0.034711463	-0.9
1524	-0.031599656	0.032673804	-0.9
1525	-0.033711459	0.030490215	-0.9
1526	-0.035672699	0.028170449	-0.9
1527	-0.037474616	0.025724868	-0.9
1528	-0.039109163	0.023164393	-0.9
1529	-0.040569038	0.02050046	-0.9
1530	-0.041847722	0.017744967	-0.9
1531	-0.042939504	0.014910221	-0.9
1532	-0.043839508	0.012008882	-0.9
1533	-0.044543714	0.009053908	-0.9
1534	-0.045048977	0.006058498	-0.9
1535	-0.04535304	0.003036029	-0.9
1536	-0.045454545	0	-0.9
1537	0.022727273	2.78443E-18	-0.9
1538	0.02267652	0.001518014	-0.9
1539	0.022524488	0.003029249	-0.9
1540	0.022271857	0.004526954	-0.9
1541	0.021919754	0.006004441	-0.9
1542	0.021469752	0.00745511	-0.9
1543	0.020923861	0.008872484	-0.9
1544	0.020284519	0.01025023	-0.9
1545	0.019554581	0.011582196	-0.9
1546	0.018737308	0.012862434	-0.9
1547	0.01783635	0.014085225	-0.9
1548	0.01685573	0.015245108	-0.9
1549	0.015799828	0.016336902	-0.9
1550	0.01467336	0.017355732	-0.9
1551	0.013481358	0.018297047	-0.9
1552	0.012229144	0.019156643	-0.9
1553	0.010922313	0.01993068	-0.9
1554	0.009566699	0.020615703	-0.9
1555	0.008168358	0.02120865	-0.9
1556	0.006733536	0.021706875	-0.9
1557	0.00526864	0.022108151	-0.9
1558	0.003780213	0.022410688	-0.9
1559	0.002274902	0.022613132	-0.9
1560	0.000759431	0.022714581	-0.9
1561	-0.000759431	0.022714581	-0.9
1562	-0.002274902	0.022613132	-0.9
1563	-0.003780213	0.022410688	-0.9
1564	-0.00526864	0.022108151	-0.9
1565	-0.006733536	0.021706875	-0.9
1566	-0.008168358	0.02120865	-0.9
1567	-0.009566699	0.020615703	-0.9
1568	-0.010922313	0.01993068	-0.9
1569	-0.012229144	0.019156643	-0.9
1570	-0.013481358	0.018297047	-0.9
1571	-0.01467336	0.017355732	-0.9
1572	-0.015799828	0.016336902	-0.9
1573	-0.01685573	0.015245108	-0.9
1574	-0.01783635	0.014085225	-0.9
1575	-0.018737308	0.012862434	-0.9
1576	-0.019554581	0.011582196	-0.9
1577	-0.020284519	0.01025023	-0.9
1578	-0.020923861	0.008872484	-0.9
1579	-0.021469752	0.00745511	-0.9
1580	-0.021919754	0.006004441	-0.9
1581	-0.022271857	0.004526954	-0.9
1582	-0.022524488	0.003029249	-0.9
1583	-0.02267652	0.001518014	-0.9
1584	-0.022727273	0	-0.9
0	0	0	0
2	1	49	50
3	2	50	51
4	3	51	52
5	4	52	53
6	5	53	54
7	6	54	55
8	7	55	56
9	8	56	57
10	9	57	58
11	10	58	59
12	11	59	60
13	12	60	61
14	13	61	62
15	14	62	63
16	15	63	64
17	16	64	65
18	17	65	66
19	18	66	67
20	19	67	68
21	20	68	69
22	21	69	70
23	22	70	71
24	23	71	72
25	24	72	73
26	25	73	74
27	26	74	75
28	27	75	76
29	28	76	77
30	29	77	78
31	30	78	79
32	31	79	80
33	32	80	81
34	33	81	82
35	34	82	83
36	35	83	84
37	36	84	85
38	37	85	86
39	38	86	87
40	39	87	88
41	40	88	89
42	41	89	90
43	42	90	91
44	43	91	92
45	44	92	93
46	45	93	94
47	46	94	95
48	47	95	96
50	49	97	98
51	50	98	99
52	51	99	100
53	52	100	101
54	53	101	102
55	54	102	103
56	55	103	104
57	56	104	105
58	57	105	106
59	58	106	107
60	59	107	108
61	60	108	109
62	61	109	110
63	62	110	111
64	63	111	112
65	64	112	113
66	65	113	114
67	66	114	115
68	67	115	116
69	68	116	117
70	69	117	118
71	70	118	119
72	71	119	120
73	72	120	121
74	73	121	122
75	74	122	123
76	75	123	124
77	76	124	125
78	77	125	126
79	78	126	127
80	79	127	128
81	80	128	129
82	81	129	130
83	82	130	131
84	83	131	132
85	84	132	133
86	85	133	134
87	86	134	135
88	87	135	136
89	88	136	137
90	89	137	138
91	90	138	139
92	91	139	140
93	92	140	141
94	93	141	142
95	94	142	143
96	95	143	144
98	97	145	146
99	98	146	147
100	99	147	148
101	100	148	149
102	101	149	150
103	102	150	151
104	103	151	152
105	104	152	153
106	105	153	154
107	106	154	155
108	107	155	156
109	108	156	157
110	109	157	158
111	110	158	159
112	111	159	160
113	112	160	161
114	113	161	162
115	114	162	163
116	115	163	164
117	116	164	165
118	117	165	166
119	118	166	167
120	119	167	168
121	120	168	169
122	121	169	170
123	122	170	171
124	123	171	172
125	124	172	173
126	125	173	174
127	126	174	175
128	127	175	176
129	128	176	177
130	129	177	178
131	130	178	179
132	131	179	180
133	132	180	181
134	133	181	182
135	134	182	183
136	135	183	184
137	136	184	185
138	137	185	186
139	138	186	187
140	139	187	188
141	140	188	189
142	141	189	190
143	142	190	191
144	143	191	192
146	145	193	194
147	146	194	195
148	147	195	196
149	148	196	197
150	149	197	198
151	150	198	199
152	151	199	200
153	152	200	201
154	153	201	202
155	154	202	203
156	155	203	204
157	156	204	205
158	157	205	206
159	158	206	207
160	159	207	208
161	160	208	209
162	161	209	210
163	162	210	211
164	163	211	212
165	164	212	213
166	165	213	214
167	166	214	215
168	167	215	216
169	168	216	217
170	169	217	218
171	170	218	219
172	171	219	220
173	172	220	221
174	173	221	222
175	174	222	223
176	175	223	224
177	176	224	225
178	177	225	226
179	178	226	227
180	179	227	228
181	180	228	229
182	181	229	230
183	182	230	231
184	183	231	232
185	184	232	233
186	185	233	234
187	186	234	235
188	187	235	236
189	188	236	237
190	189	237	238
191	190	238	239
192	191	239	240
194	193	241	242
195	194	242	243
196	195	243	244
197	196	244	245
198	197	245	246
199	198	246	247
200	199	247	248
201	200	248	249
202	201	249	250
203	202	250	251
204	203	251	252
205	204	252	253
206	205	253	254
207	206	254	255
208	207	255	256
209	208	256	257
210	209	257	258
211	210	258	259
212	211	259	260
213	212	260	261
214	213	261	262
215	214	262	263
216	215	263	264
217	216	264	265
218	217	265	266
219	218	266	267
220	219	267	268
221	220	268	269
222	221	269	270
223	222	270	271
224	223	271	272
225	224	272	273
226	225	273	274
227	226	274	275
228	227	275	276
229	228	276	277
230	229	277	278
231	230	278	279
232	231	279	280
233	232	280	281
234	233	281	282
235	234	282	283
236	235	283	284
237	236	284	285
238	237	285	286
239	238	286	287
240	239	287	288
242	241	289	290
243	242	290	291
244	243	291	292
245	244	292	293
246	245	293	294
247	246	294	295
248	247	295	296
249	248	296	297
250	249	297	298
251	250	298	299
252	251	299	300
253	252	300	301
254	253	301	302
255	254	302	303
256	255	303	304
257	256	304	305
258	257	305	306
259	258	306	307
260	259	307	308
261	260	308	309
262	261	309	310
263	262	310	311
264	263	311	312
265	264	312	313
266	265	313	314
267	266	314	315
268	267	315	316
269	268	316	317
270	269	317	318
271	270	318	319
272	271	319	320
273	272	320	321
274	273	321	322
275	274	322	323
276	275	323	324
277	276	324	325
278	277	325	326
279	278	326	327
280	279	327	328
281	280	328	329
282	281	329	330
283	282	330	331
284	283	331	332
285	284	332	333
286	285	333	334
287	286	334	335
288	287	335	336
290	289	337	338
291	290	338	339
292	291	339	340
293	292	340	341
294	293	341	342
295	294	342	343
296	295	343	344
297	296	344	345
298	297	345	346
299	298	346	347
300	299	347	348
301	300	348	349
302	301	349	350
303	302	350	351
304	303	351	352
305	304	352	353
306	305	353	354
307	306	354	355
308	307	355	356
309	308	356	357
310	309	357	358
311	310	358	359
312	311	359	360
313	312	360	361
314	313	361	362
315	314	362	363
316	315	363	364
317	316	364	365
318	317	365	366
319	318	366	367
320	319	367	368
321	320	368	369
322	321	369	370
323	322	370	371
324	323	371	372
325	324	372	373
326	325	373	374
327	326	374	375
328	327	375	376
329	328	376	377
330	329	377	378
331	330	378	379
332	331	379	380
333	332	380	381
334	333	381	382
335	334	382	383
336	335	383	384
338	337	385	386
339	338	386	387
340	339	387	388
341	340	388	389
342	341	389	390
343	342	390	391
344	343	391	392
345	344	392	393
346	345	393	394
347	346	394	395
348	347	395	396
349	348	396	397
350	349	397	398
351	350	398	399
352	351	399	400
353	352	400	401
354	353	401	402
355	354	402	403
356	355	403	404
357	356	404	405
358	357	405	406
359	358	406	407
360	359	407	408
361	360	408	409
362	361	409	410
363	362	410	411
364	363	411	412
365	364	412	413
366	365	413	414
367	366	414	415
368	367	415	416
369	368	416	417
370	369	417	418
371	370	418	419
372	371	419	420
373	372	420	421
374	373	421	422
375	374	422	423
376	375	423	424
377	376	424	425
378	377	425	426
379	378	426	427
380	379	427	428
381	380	428	429
382	381	429	430
383	382	430	431
384	383	431	432
386	385	433	434
387	386	434	435
388	387	435	436
389	388	436	437
390	389	437	438
391	390	438	439
392	391	439	440
393	392	440	441
394	393	441	442
395	394	442	443
396	395	443	444
397	396	444	445
398	397	445	446
399	398	446	447
400	399	447	448
401	400	448	449
402	401	449	450
403	402	450	451
404	403	451	452
405	404	452	453
406	405	453	454
407	406	454	455
408	407	455	456
409	408	456	457
410	409	457	458
411	410	458	459
412	411	459	460
413	412	460	461
414	413	461	462
415	414	462	463
416	415	463	464
417	416	464	465
418	417	465	466
419	418	466	467
420	419	467	468
421	420	468	469
422	421	469	470
423	422	470	471
424	423	471	472
425	424	472	473
426	425	473	474
427	426	474	475
428	427	475	476
429	428	476	477
430	429	477	478
431	430	478	479
432	431	479	480
434	433	481	482
435	434	482	483
436	435	483	484
437	436	484	485
438	437	485	486
439	438	486	487
440	439	487	488
441	440	488	489
442	441	489	490
443	442	490	491
444	443	491	492
445	444	492	493
446	445	493	494
447	446	494	495
448	447	495	496
449	448	496	497
450	449	497	498
451	450	498	499
452	451	499	500
453	452	500	501
454	453	501	502
455	454	502	503
456	455	503	504
457	456	504	505
458	457	505	506
459	458	506	507
460	459	507	508
461	460	508	509
462	461	509	510
463	462	510	511
464	463	511	512
465	464	512	513
466	465	513	514
467	466	514	515
468	467	515	516
469	468	516	517
470	469	517	518
471	470	518	519
472	471	519	520
473	472	520	521
474	473	521	522
475	474	522	523
476	475	523	524
477	476	524	525
478	477	525	526
479	478	526	527
480	479	527	528
482	481	529	530
483	482	530	531
484	483	531	532
485	484	532	533
486	485	533	534
487	486	534	535
488	487	535	536
489	488	536	537
490	489	537	538
491	490	538	539
492	491	539	540
493	492	540	541
494	493	541	542
495	494	542	543
496	495	543	544
497	496	544	545
498	497	545	546
499	498	546	547
500	499	547	548
501	500	548	549
502	501	549	550
503	502	550	551
504	503	551	552
505	504	552	553
506	505	553	554
507	506	554	555
508	507	555	556
509	508	556	557
510	509	557	558
511	510	558	559
512	511	559	560
513	512	560	561
514	513	561	562
515	514	562	563
516	515	563	564
517	516	564	565
518	517	565	566
519	518	566	567
520	519	567	568
521	520	568	569
522	521	569	570
523	522	570	571
524	523	571	572
525	524	572	573
526	525	573	574
527	526	574	575
528	527	575	576
530	529	577	578
531	530	578	579
532	531	579	580
533	532	580	581
534	533	581	582
535	534	582	583
536	535	583	584
537	536	584	585
538	537	585	586
539	538	586	587
540	539	587	588
541	540	588	589
542	541	589	590
543	542	590	591
544	543	591	592
545	544	592	593
546	545	593	594
547	546	594	595
548	547	595	596
549	548	596	597
550	549	597	598
551	550	598	599
552	551	599	600
553	552	600	601
554	553	601	602
555	554	602	603
556	555	603	604
557	556	604	605
558	557	605	606
559	558	606	607
560	559	607	608
561	560	608	609
562	561	609	610
563	562	610	611
564	563	611	612
565	564	612	613
566	565	613	614
567	566	614	615
568	567	615	616
569	568	616	617
570	569	617	618
571	570	618	619
572	571	619	620
573	572	620	621
574	573	621	622
575	574	622	623
576	575	623	624
578	577	625	626
579	578	626	627
580	579	627	628
581	580	628	629
582	581	629	630
583	582	630	631
584	583	631	632
585	584	632	633
586	585	633	634
587	586	634	635
588	587	635	636
589	588	636	637
590	589	637	638
591	590	638	639
592	591	639	640
593	592	640	641
594	593	641	642
595	594	642	643
596	595	643	644
597	596	644	645
598	597	645	646
599	598	646	647
600	599	647	648
601	600	648	649
602	601	649	650
603	602	650	651
604	603	651	652
605	604	652	653
606	605	653	654
607	606	654	655
608	607	655	656
609	608	656	657
610	609	657	658
611	610	658	659
612	611	659	660
613	612	660	661
614	613	661	662
615	614	662	663
616	615	663	664
617	616	664	665
618	617	665	666
619	618	666	667
620	619	667	668
621	620	668	669
622	621	669	670
623	622	670	671
624	623	671	672
626	625	673	674
627	626	674	675
628	627	675	676
629	628	676	677
630	629	677	678
631	630	678	679
632	631	679	680
633	632	680	681
634	633	681	682
635	634	682	683
636	635	683	684
637	636	684	685
638	637	685	686
639	638	686	687
640	639	687	688
641	640	688	689
642	641	689	690
643	642	690	691
644	643	691	692
645	644	692	693
646	645	693	694
647	646	694	695
648	647	695	696
649	648	696	697
650	649	697	698
651	650	698	699
652	651	699	700
653	652	700	701
654	653	701	702
655	654	702	703
656	655	703	704
657	656	704	705
658	657	705	706
659	658	706	707
660	659	707	708
661	660	708	709
662	661	709	710
663	662	710	711
664	663	711	712
665	664	712	713
666	665	713	714
667	666	714	715
668	667	715	716
669	668	716	717
670	669	717	718
671	670	718	719
672	671	719	720
674	673	721	722
675	674	722	723
676	675	723	724
677	676	724	725
678	677	725	726
679	678	726	727
680	679	727	728
681	680	728	729
682	681	729	730
683	682	730	731
684	683	731	732
685	684	732	733
686	685	733	734
687	686	734	735
688	687	735	736
689	688	736	737
690	689	737	738
691	690	738	739
692	691	739	740
693	692	740	741
694	693	741	742
695	694	742	743
696	695	743	744
697	696	744	745
698	697	745	746
699	698	746	747
700	699	747	748
701	700	748	749
702	701	749	750
703	702	750	751
704	703	751	752
705	704	752	753
706	705	753	754
707	706	754	755
708	707	755	756
709	708	756	757
710	709	757	758
711	710	758	759
712	711	759	760
713	712	760	761
714	713	761	762
715	714	762	763
716	715	763	764
717	716	764	765
718	717	765	766
719	718	766	767
720	719	767	768
722	721	769	770
723	722	770	771
724	723	771	772
725	724	772	773
726	725	773	774
727	726	774	775
728	727	775	776
729	728	776	777
730	729	777	778
731	730	778	779
732	731	779	780
733	732	780	781
734	733	781	782
735	734	782	783
736	735	783	784
737	736	784	785
738	737	785	786
739	738	786	787
740	739	787	788
741	740	788	789
742	741	789	790
743	742	790	791
744	743	791	792
745	744	792	793
746	745	793	794
747	746	794	795
748	747	795	796
749	748	796	797
750	749	797	798
751	750	798	799
752	751	799	800
753	752	800	801
754	753	801	802
755	754	802	803
756	755	803	804
757	756	804	805
758	757	805	806
759	758	806	807
760	759	807	808
761	760	808	809
762	761	809	810
763	762	810	811
764	763	811	812
765	764	812	813
766	765	813	814
767	766	814	815
768	767	815	816
770	769	817	818
771	770	818	819
772	771	819	820
773	772	820	821
774	773	821	822
775	774	822	823
776	775	823	824
777	776	824	825
778	777	825	826
779	778	826	827
780	779	827	828
781	780	828	829
782	781	829	830
783	782	830	831
784	783	831	832
785	784	832	833
786	785	833	834
787	786	834	835
788	787	835	836
789	788	836	837
790	789	837	838
791	790	838	839
792	791	839	840
793	792	840	841
794	793	841	842
795	794	842	843
796	795	843	844
797	796	844	845
798	797	845	846
799	798	846	847
800	799	847	848
801	800	848	849
802	801	849	850
803	802	850	851
804	803	851	852
805	804	852	853
806	805	853	854
807	806	854	855
808	807	855	856
809	808	856	857
810	809	857	858
811	810	858	859
812	811	859	860
813	812	860	861
814	813	861	862
815	814	862	863
816	815	863	864
818	817	865	866
819	818	866	867
820	819	867	868
821	820	868	869
822	821	869	870
823	822	870	871
824	823	871	872
825	824	872	873
826	825	873	874
827	826	874	875
828	827	875	876
829	828	876	877
830	829	877	878
831	830	878	879
832	831	879	880
833	832	880	881
834	833	881	882
835	834	882	883
836	835	883	884
837	836	884	885
838	837	885	886
839	838	886	887
840	839	887	888
841	840	888	889
842	841	889	890
843	842	890	891
844	843	891	892
845	844	892	893
846	845	893	894
847	846	894	895
848	847	895	896
849	848	896	897
850	849	897	898
851	850	898	899
852	851	899	900
853	852	900	901
854	853	901	902
855	854	902	903
856	855	903	904
857	856	904	905
858	857	905	906
859	858	906	907
860	859	907	908
861	860	908	909
862	861	909	910
863	862	910	911
864	863	911	912
866	865	913	914
867	866	914	915
868	867	915	916
869	868	916	917
870	869	917	918
871	870	918	919
872	871	919	920
873	872	920	921
874	873	921	922
875	874	922	923
876	875	923	924
877	876	924	925
878	877	925	926
879	878	926	927
880	879	927	928
881	880	928	929
882	881	929	930
883	882	930	931
884	883	931	932
885	884	932	933
886	885	933	934
887	886	934	935
888	887	935	936
889	888	936	937
890	889	937	938
891	890	938	939
892	891	939	940
893	892	940	941
894	893	941	942
895	894	942	943
896	895	943	944
897	896	944	945
898	897	945	946
899	898	946	947
900	899	947	948
901	900	948	949
902	901	949	950
903	902	950	951
904	903	951	952
905	904	952	953
906	905	953	954
907	906	954	955
908	907	955	956
909	908	956	957
910	909	957	958
911	910	958	959
912	911	959	960
914	913	961	962
915	914	962	963
916	915	963	964
917	916	964	965
918	917	965	966
919	918	966	967
920	919	967	968
921	920	968	969
922	921	969	970
923	922	970	971
924	923	971	972
925	924	972	973
926	925	973	974
927	926	974	975
928	927	975	976
929	928	976	977
930	929	977	978
931	930	978	979
932	931	979	980
933	932	980	981
934	933	981	982
935	934	982	983
936	935	983	984
937	936	984	985
938	937	985	986
939	938	986	987
940	939	987	988
941	940	988	989
942	941	989	990
943	942	990	991
944	943	991	992
945	944	992	993
946	945	993	994
947	946	994	995
948	947	995	996
949	948	996	997
950	949	997	998
951	950	998	999
952	951	999	1000
953	952	1000	1001
954	953	1001	1002
955	954	1002	1003
956	955	1003	1004
957	956	1004	1005
958	957	1005	1006
959	958	1006	1007
960	959	1007	1008
962	961	1009	1010
963	962	1010	1011
964	963	1011	1012
965	964	1012	1013
966	965	1013	1014
967	966	1014	1015
968	967	1015	1016
969	968	1016	1017
970	969	1017	1018
971	970	1018	1019
972	971	1019	1020
973	972	1020	1021
974	973	1021	1022
975	974	1022	1023
976	975	1023	1024
977	976	1024	1025
978	977	1025	1026
979	978	1026	1027
980	979	1027	1028
981	980	1028	1029
982	981	1029	1030
983	982	1030	1031
984	983	1031	1032
985	984	1032	1033
986	985	1033	1034
987	986	1034	1035
988	987	1035	1036
989	988	1036	1037
990	989	1037	1038
991	990	1038	1039
992	991	1039	1040
993	992	1040	1041
994	993	1041	1042
995	994	1042	1043
996	995	1043	1044
997	996	1044	1045
998	997	1045	1046
999	998	1046	1047
1000	999	1047	1048
1001	1000	1048	1049
1002	1001	1049	1050
1003	1002	1050	1051
1004	1003	1051	1052
1005	1004	1052	1053
1006	1005	1053	1054
1007	1006	1054	1055
1008	1007	1055	1056
1010	1009	1057	1058
1011	1010	1058	1059
1012	1011	1059	1060
1013	1012	1060	1061
1014	1013	1061	1062
1015	1014	1062	1063
1016	1015	1063	1064
1017	1016	1064	1065
1018	1017	1065	1066
1019	1018	1066	1067
1020	1019	1067	1068
1021	1020	1068	1069
1022	1021	1069	1070
1023	1022	1070	1071
1024	1023	1071	1072
1025	1024	1072	1073
1026	1025	1073	1074
1027	1026	1074	1075
1028	1027	1075	1076
1029	1028	1076	1077
1030	1029	1077	1078
1031	1030	1078	1079
1032	1031	1079	1080
1033	1032	1080	1081
1034	1033	1081	1082
1035	1034	1082	1083
1036	1035	1083	1084
1037	1036	1084	1085
1038	1037	1085	1086
1039	1038	1086	1087
1040	1039	1087	1088
1041	1040	1088	1089
1042	1041	1089	1090
1043	1042	1090	1091
1044	1043	1091	1092
1045	1044	1092	1093
1046	1045	1093	1094
1047	1046	1094	1095
1048	1047	1095	1096
1049	1048	1096	1097
1050	1049	1097	1098
1051	1050	1098	1099
1052	1051	1099	1100
1053	1052	1100	1101
1054	1053	1101	1102
1055	1054	1102	1103
1056	1055	1103	1104
1058	1057	1105	1106
1059	1058	1106	1107
1060	1059	1107	1108
1061	1060	1108	1109
1062	1061	1109	1110
1063	1062	1110	1111
1064	1063	1111	1112
1065	1064	1112	1113
1066	1065	1113	1114
1067	1066	1114	1115
1068	1067	1115	1116
1069	1068	1116	1117
1070	1069	1117	1118
1071	1070	1118	1119
1072	1071	1119	1120
1073	1072	1120	1121
1074	1073	1121	1122
1075	1074	1122	1123
1076	1075	1123	1124
1077	1076	1124	1125
1078	1077	1125	1126
1079	1078	1126	1127
1080	1079	1127	1128
1081	1080	1128	1129
1082	1081	1129	1130
1083	1082	1130	1131
1084	1083	1131	1132
1085	1084	1132	1133
1086	1085	1133	1134
1087	1086	1134	1135
1088	1087	1135	1136
1089	1088	1136	1137
1090	1089	1137	1138
1091	1090	1138	1139
1092	1091	1139	1140
1093	1092	1140	1141
1094	1093	1141	1142
1095	1094	1142	1143
1096	1095	1143	1144
1097	1096	1144	1145
1098	1097	1145	1146
1099	1098	1146	1147
1100	1099	1147	1148
1101	1100	1148	1149
1102	1101	1149	1150
1103	1102	1150	1151
1104	1103	1151	1152
1106	1105	1153	1154
1107	1106	1154	1155
1108	1107	1155	1156
1109	1108	1156	1157
1110	1109	1157	1158
1111	1110	1158	1159
1112	1111	1159	1160
1113	1112	1160	1161
1114	1113	1161	1162
1115	1114	1162	1163
1116	1115	1163	1164
1117	1116	1164	1165
1118	1117	1165	1166
1119	1118	1166	1167
1120	1119	1167	1168
1121	1120	1168	1169
1122	1121	1169	1170
1123	1122	1170	1171
1124	1123	1171	1172
1125	1124	1172	1173
1126	1125	1173	1174
1127	1126	1174	1175
1128	1127	1175	1176
1129	1128	1176	1177
1130	1129	1177	1178
1131	1130	1178	1179
1132	1131	1179	1180
1133	1132	1180	1181
1134	1133	1181	1182
1135	1134	1182	1183
1136	1135	1183	1184
1137	1136	1184	1185
1138	1137	1185	1186
1139	1138	1186	1187
1140	1139	1187	1188
1141	1140	1188	1189
1142	1141	1189	1190
1143	1142	1190	1191
1144	1143	1191	1192
1145	1144	1192	1193
1146	1145	1193	1194
1147	1146	1194	1195
1148	1147	1195	1196
1149	1148	1196	1197
1150	1149	1197	1198
1151	1150	1198	1199
1152	1151	1199	1200
1154	1153	1201	1202
1155	1154	1202	1203
1156	1155	1203	1204
1157	1156	1204	1205
1158	1157	1205	1206
1159	1158	1206	1207
1160	1159	1207	1208
1161	1160	1208	1209
1162	1161	1209	1210
1163	1162	1210	1211
1164	1163	1211	1212
1165	1164	1212	1213
1166	1165	1213	1214
1167	1166	1214	1215
1168	1167	1215	1216
1169	1168	1216	1217
1170	1169	1217	1218
1171	1170	1218	1219
1172	1171	1219	1220
1173	1172	1220	1221
1174	1173	1221	1222
1175	1174	1222	1223
1176	1175	1223	1224
1177	1176	1224	1225
1178	1177	1225	1226
1179	1178	1226	1227
1180	1179	1227	1228
1181	1180	1228	1229
1182	1181	1229	1230
1183	1182	1230	1231
1184	1183	1231	1232
1185	1184	1232	1233
1186	1185	1233	1234
1187	1186	1234	1235
1188	1187	1235	1236
1189	1188	1236	1237
1190	1189	1237	1238
1191	1190	1238	1239
1192	1191	1239	1240
1193	1192	1240	1241
1194	1193	1241	1242
1195	1194	1242	1243
1196	1195	1243	1244
1197	1196	1244	1245
1198	1197	1245	1246
1199	1198	1246	1247
1200	1199	1247	1248
1202	1201	1249	1250
1203	1202	1250	1251
1204	1203	1251	1252
1205	1204	1252	1253
1206	1205	1253	1254
1207	1206	1254	1255
1208	1207	1255	1256
1209	1208	1256	1257
1210	1209	1257	1258
1211	1210	1258	1259
1212	1211	1259	1260
1213	1212	1260	1261
1214	1213	1261	1262
1215	1214	1262	1263
1216	1215	1263	1264
1217	1216	1264	1265
1218	1217	1265	1266
1219	1218	1266	1267
1220	1219	1267	1268
1221	1220	1268	1269
1222	1221	1269	1270
1223	1222	1270	1271
1224	1223	1271	1272
1225	1224	1272	1273
1226	1225	1273	1274
1227	1226	1274	1275
1228	1227	1275	1276
1229	1228	1276	1277
1230	1229	1277	1278
1231	1230	1278	1279
1232	1231	1279	1280
1233	1232	1280	1281
1234	1233	1281	1282
1235	1234	1282	1283
1236	1235	1283	1284
1237	1236	1284	1285
1238	1237	1285	1286
1239	1238	1286	1287
1240	1239	1287	1288
1241	1240	1288	1289
1242	1241	1289	1290
1243	1242	1290	1291
1244	1243	1291	1292
1245	1244	1292	1293
1246	1245	1293	1294
1247	1246	1294	1295
1248	1247	1295	1296
1250	1249	1297	1298
1251	1250	1298	1299
1252	1251	1299	1300
1253	1252	1300	1301
1254	1253	1301	1302
1255	1254	1302	1303
1256	1255	1303	1304
1257	1256	1304	1305
1258	1257	1305	1306
1259	1258	1306	1307
1260	1259	1307	1308
1261	1260	1308	1309
1262	1261	1309	1310
1263	1262	1310	1311
1264	1263	1311	1312
1265	1264	1312	1313
1266	1265	1313	1314
1267	1266	1314	1315
1268	1267	1315	1316
1269	1268	1316	1317
1270	1269	1317	1318
1271	1270	1318	1319
1272	1271	1319	1320
1273	1272	1320	1321
1274	1273	1321	1322
1275	1274	1322	1323
1276	1275	1323	1324
1277	1276	1324	1325
1278	1277	1325	1326
1279	1278	1326	1327
1280	1279	1327	1328
1281	1280	1328	1329
1282	1281	1329	1330
1283	1282	1330	1331
1284	1283	1331	1332
1285	1284	1332	1333
1286	1285	1333	1334
1287	1286	1334	1335
1288	1287	1335	1336
1289	1288	1336	1337
1290	1289	1337	1338
1291	1290	1338	1339
1292	1291	1339	1340
1293	1292	1340	1341
1294	1293	1341	1342
1295	1294	1342	1343
1296	1295	1343	1344
1298	1297	1345	1346
1299	1298	1346	1347
1300	1299	1347	1348
1301	1300	1348	1349
1302	1301	1349	1350
1303	1302	1350	1351
1304	1303	1351	1352
1305	1304	1352	1353
1306	1305	1353	1354
1307	1306	1354	1355
1308	1307	1355	1356
1309	1308	1356	1357
1310	1309	1357	1358
1311	1310	1358	1359
1312	1311	1359	1360
1313	1312	1360	1361
1314	1313	1361	1362
1315	1314	1362	1363
1316	1315	1363	1364
1317	1316	1364	1365
1318	1317	1365	1366
1319	1318	1366	1367
1320	1319	1367	1368
1321	1320	1368	1369
1322	1321	1369	1370
1323	1322	1370	1371
1324	1323	1371	1372
1325	1324	1372	1373
1326	1325	1373	1374
1327	1326	1374	1375
1328	1327	1375	1376
1329	1328	1376	1377
1330	1329	1377	1378
1331	1330	1378	1379
1332	1331	1379	1380
1333	1332	1380	1381
1334	1333	1381	1382
1335	1334	1382	1383
1336	1335	1383	1384
1337	1336	1384	1385
1338	1337	1385	1386
1339	1338	1386	1387
1340	1339	1387	1388
1341	1340	1388	1389
1342	1341	1389	1390
1343	1342	1390	1391
1344	1343	1391	1392
1346	1345	1393	1394
1347	1346	1394	1395
1348	1347	1395	1396
1349	1348	1396	1397
1350	1349	1397	1398
1351	1350	1398	1399
1352	1351	1399	1400
1353	1352	1400	1401
1354	1353	1401	1402
1355	1354	1402	1403
1356	1355	1403	1404
1357	1356	1404	1405
1358	1357	1405	1406
1359	1358	1406	1407
1360	1359	1407	1408
1361	1360	1408	1409
1362	1361	1409	1410
1363	1362	1410	1411
1364	1363	1411	1412
1365	1364	1412	1413
1366	1365	1413	1414
1367	1366	1414	1415
1368	1367	1415	1416
1369	1368	1416	1417
1370	1369	1417	1418
1371	1370	1418	1419
1372	1371	1419	1420
1373	1372	1420	1421
1374	1373	1421	1422
1375	1374	1422	1423
1376	1375	1423	1424
1377	1376	1424	1425
1378	1377	1425	1426
1379	1378	1426	1427
1380	1379	1427	1428
1381	1380	1428	1429
1382	1381	1429	1430
1383	1382	1430	1431
1384	1383	1431	1432
1385	1384	1432	1433
1386	1385	1433	1434
1387	1386	1434	1435
1388	1387	1435	1436
1389	1388	1436	1437
1390	1389	1437	1438
1391	1390	1438	1439
1392	1391	1439	1440
1394	1393	1441	1442
1395	1394	1442	1443
1396	1395	1443	1444
1397	1396	1444	1445
1398	1397	1445	1446
1399	1398	1446	1447
1400	1399	1447	1448
1401	1400	1448	1449
1402	1401	1449	1450
1403	1402	1450	1451
1404	1403	1451	1452
1405	1404	1452	1453
1406	1405	1453	1454
1407	1406	1454	1455
1408	1407	1455	1456
1409	1408	1456	1457
1410	1409	1457	1458
1411	1410	1458	1459
1412	1411	1459	1460
1413	1412	1460	1461
1414	1413	1461	1462
1415	1414	1462	1463
1416	1415	1463	1464
1417	1416	1464	1465
1418	1417	1465	1466
1419	1418	1466	1467
1420	1419	1467	1468
1421	1420	1468	1469
1422	1421	1469	1470
1423	1422	1470	1471
1424	1423	1471	1472
1425	1424	1472	1473
1426	1425	1473	1474
1427	1426	1474	1475
1428	1427	1475	1476
1429	1428	1476	1477
1430	1429	1477	1478
1431	1430	1478	1479
1432	1431	1479	1480
1433	1432	1480	1481
1434	1433	1481	1482
1435	1434	1482	1483
1436	1435	1483	1484
1437	1436	1484	1485
1438	1437	1485	1486
1439	1438	1486	1487
1440	1439	1487	1488
1442	1441	1489	1490
1443	1442	1490	1491
1444	1443	1491	1492
1445	1444	1492	1493
1446	1445	1493	1494
1447	1446	1494	1495
1448	1447	1495	1496
1449	1448	1496	1497
1450	1449	1497	1498
1451	1450	1498	1499
1452	1451	1499	1500
1453	1452	1500	1501
1454	1453	1501	1502
1455	1454	1502	1503
1456	1455	1503	1504
1457	1456	1504	1505
1458	1457	1505	1506
1459	1458	1506	1507
1460	1459	1507	1508
1461	1460	1508	1509
1462	1461	1509	1510
1463	1462	1510	1511
1464	1463	1511	1512
1465	1464	1512	1513
1466	1465	1513	1514
1467	1466	1514	1515
1468	1467	1515	1516
1469	1468	1516	1517
1470	1469	1517	1518
1471	1470	1518	1519
1472	1471	1519	1520
1473	1472	1520	1521
1474	1473	1521	1522
1475	1474	1522	1523
1476	1475	1523	1524
1477	1476	1524	1525
1478	1477	1525	1526
1479	1478	1526	1527
1480	1479	1527	1528
1481	1480	1528	1529
1482	1481	1529	1530
1483	1482	1530	1531
1484	1483	1531	1532
1485	1484	1532	1533
1486	1485	1533	1534
1487	1486	1534	1535
1488	1487	1535	1536
1490	1489	1537	1538
1491	1490	1538	1539
1492	1491	1539	1540
1493	1492	1540	1541
1494	1493	1541	1542
1495	1494	1542	1543
1496	1495	1543	1544
1497	1496	1544	1545
1498	1497	1545	1546
1499	1498	1546	1547
1500	1499	1547	1548
1501	1500	1548	1549
1502	1501	1549	1550
1503	1502	1550	1551
1504	1503	1551	1552
1505	1504	1552	1553
1506	1505	1553	1554
1507	1506	1554	1555
1508	1507	1555	1556
1509	1508	1556	1557
1510	1509	1557	1558
1511	1510	1558	1559
1512	1511	1559	1560
1513	1512	1560	1561
1514	1513	1561	1562
1515	1514	1562	1563
1516	1515	1563	1564
1517	1516	1564	1565
1518	1517	1565	1566
1519	1518	1566	1567
1520	1519	1567	1568
1521	1520	1568	1569
1522	1521	1569	1570
1523	1522	1570	1571
1524	1523	1571	1572
1525	1524	1572	1573
1526	1525	1573	1574
1527	1526	1574	1575
1528	1527	1575	1576
1529	1528	1576	1577
1530	1529	1577	1578
1531	1530	1578	1579
1532	1531	1579	1580
1533	1532	1580	1581
1534	1533	1581	1582
1535	1534	1582	1583
1536	1535	1583	1584