          60           1           6           6           0
 --- Force ---
           1           1           1
           2           1           2
           3           1           3
           4           1           4
           5           1           5
           6           1           6
 --- Motion ---
           1           1           1
           2           1           2
           3           1           3
           4           1           4
           5           1           5
           6           1           6
   0.00000000    
   5.00000007E-02  0.100000001      0.150000006      0.200000003      0.250000000      0.300000012      0.350000024      0.400000006      0.450000018      0.500000000      0.550000012      0.600000024      0.650000036      0.700000048      0.750000000      0.800000012      0.850000024      0.900000036      0.950000048       1.00000000       1.04999995       1.10000002       1.14999998       1.19999993       1.25000000       1.29999995       1.35000002       1.39999998       1.44999993       1.50000000       1.54999995       1.60000002       1.64999998       1.69999993       1.75000000       1.79999995       1.85000002       1.89999998       1.94999993       2.00000000       2.04999995       2.10000014       2.15000010       2.19999981       2.25000000       2.29999995       2.34999990       2.40000010       2.45000005       2.50000000       2.54999995       2.59999990       2.65000010       2.70000005       2.75000000       2.79999995       2.84999990       2.90000010       2.95000005       3.00000000    

