Nb de frequency :    50
 2.2830
  0.231280E+03
 2.4172
  0.231904E+03
 2.5514
  0.230571E+03
 2.6856
  0.227576E+03
 2.8198
  0.223070E+03
 2.9540
  0.216831E+03
 3.0882
  0.208814E+03
 3.2224
  0.199476E+03
 3.3566
  0.189157E+03
 3.4908
  0.177409E+03
 3.6250
  0.164314E+03
 3.7592
  0.150713E+03
 3.8934
  0.137568E+03
 4.0277
  0.124082E+03
 4.1619
  0.109060E+03
 4.2961
  0.949688E+02
 4.4303
  0.840802E+02
 4.5645
  0.731047E+02
 4.6987
  0.587829E+02
 4.8329
  0.489390E+02
 4.9671
  0.411266E+02
 5.1013
  0.367730E+02
 5.2355
  0.296417E+02
 5.3697
  0.202067E+02
 5.5039
  0.147327E+02
 5.6381
  0.136531E+02
 5.7723
  0.139449E+02
 5.9065
  0.955869E+01
 6.0407
  0.432825E+01
 6.1749
  0.119289E+01
 6.3091
  0.955393E+00
 6.4433
  0.236240E+01
 6.5775
  0.292940E+01
 6.7117
 -0.383555E+00
 6.8459
 -0.148885E+01
 6.9801
 -0.260149E+01
 7.1143
 -0.243153E+01
 7.2486
 -0.182154E+01
 7.3828
 -0.889263E+00
 7.5170
 -0.150917E+01
 7.6512
 -0.135008E+01
 7.7854
 -0.128382E+01
 7.9196
 -0.133866E+01
 8.0538
 -0.125562E+01
 8.1880
 -0.996972E+00
 8.3222
 -0.645724E+00
 8.4564
 -0.367146E+00
 8.5906
 -0.148731E+00
 8.7248
  0.177703E-02
 8.8590
  0.824994E-01
