Nb de frequency :    50
 2.2830
  0.565621E+03
 2.4172
  0.559971E+03
 2.5514
  0.554844E+03
 2.6856
  0.550406E+03
 2.8198
  0.546626E+03
 2.9540
  0.543324E+03
 3.0882
  0.540318E+03
 3.2224
  0.537964E+03
 3.3566
  0.536826E+03
 3.4908
  0.535545E+03
 3.6250
  0.534611E+03
 3.7592
  0.534434E+03
 3.8934
  0.535599E+03
 4.0277
  0.535817E+03
 4.1619
  0.536391E+03
 4.2961
  0.538176E+03
 4.4303
  0.539827E+03
 4.5645
  0.541954E+03
 4.6987
  0.543817E+03
 4.8329
  0.545445E+03
 4.9671
  0.547426E+03
 5.1013
  0.549790E+03
 5.2355
  0.551386E+03
 5.3697
  0.553633E+03
 5.5039
  0.555238E+03
 5.6381
  0.556504E+03
 5.7723
  0.557626E+03
 5.9065
  0.559585E+03
 6.0407
  0.561163E+03
 6.1749
  0.562710E+03
 6.3091
  0.563263E+03
 6.4433
  0.563656E+03
 6.5775
  0.564585E+03
 6.7117
  0.566148E+03
 6.8459
  0.566863E+03
 6.9801
  0.567730E+03
 7.1143
  0.568001E+03
 7.2486
  0.568461E+03
 7.3828
  0.569308E+03
 7.5170
  0.570238E+03
 7.6512
  0.570675E+03
 7.7854
  0.570775E+03
 7.9196
  0.571389E+03
 8.0538
  0.571605E+03
 8.1880
  0.571331E+03
 8.3222
  0.572143E+03
 8.4564
  0.572830E+03
 8.5906
  0.573118E+03
 8.7248
  0.573242E+03
 8.8590
  0.573358E+03
