1			
264			
1	0.5	0	0
2	0.479746487	0.140866279	0
3	0.420626767	0.270320409	0
4	0.327430367	0.377874787	0
5	0.207707507	0.454815998	0
6	0.071157419	0.494910721	0
7	-0.071157419	0.494910721	0
8	-0.207707507	0.454815998	0
9	-0.327430367	0.377874787	0
10	-0.420626767	0.270320409	0
11	-0.479746487	0.140866279	0
12	-0.5	2.84E-16	0
13	0.5	0	-0.081818182
14	0.479746487	0.140866279	-0.081818182
15	0.420626767	0.270320409	-0.081818182
16	0.327430367	0.377874787	-0.081818182
17	0.207707507	0.454815998	-0.081818182
18	0.071157419	0.494910721	-0.081818182
19	-0.071157419	0.494910721	-0.081818182
20	-0.207707507	0.454815998	-0.081818182
21	-0.327430367	0.377874787	-0.081818182
22	-0.420626767	0.270320409	-0.081818182
23	-0.479746487	0.140866279	-0.081818182
24	-0.5	2.84E-16	-0.081818182
25	0.5	0	-0.163636364
26	0.479746487	0.140866279	-0.163636364
27	0.420626767	0.270320409	-0.163636364
28	0.327430367	0.377874787	-0.163636364
29	0.207707507	0.454815998	-0.163636364
30	0.071157419	0.494910721	-0.163636364
31	-0.071157419	0.494910721	-0.163636364
32	-0.207707507	0.454815998	-0.163636364
33	-0.327430367	0.377874787	-0.163636364
34	-0.420626767	0.270320409	-0.163636364
35	-0.479746487	0.140866279	-0.163636364
36	-0.5	2.84E-16	-0.163636364
37	0.5	0	-0.245454545
38	0.479746487	0.140866279	-0.245454545
39	0.420626767	0.270320409	-0.245454545
40	0.327430367	0.377874787	-0.245454545
41	0.207707507	0.454815998	-0.245454545
42	0.071157419	0.494910721	-0.245454545
43	-0.071157419	0.494910721	-0.245454545
44	-0.207707507	0.454815998	-0.245454545
45	-0.327430367	0.377874787	-0.245454545
46	-0.420626767	0.270320409	-0.245454545
47	-0.479746487	0.140866279	-0.245454545
48	-0.5	2.84E-16	-0.245454545
49	0.5	0	-0.327272727
50	0.479746487	0.140866279	-0.327272727
51	0.420626767	0.270320409	-0.327272727
52	0.327430367	0.377874787	-0.327272727
53	0.207707507	0.454815998	-0.327272727
54	0.071157419	0.494910721	-0.327272727
55	-0.071157419	0.494910721	-0.327272727
56	-0.207707507	0.454815998	-0.327272727
57	-0.327430367	0.377874787	-0.327272727
58	-0.420626767	0.270320409	-0.327272727
59	-0.479746487	0.140866279	-0.327272727
60	-0.5	2.84E-16	-0.327272727
61	0.5	0	-0.409090909
62	0.479746487	0.140866279	-0.409090909
63	0.420626767	0.270320409	-0.409090909
64	0.327430367	0.377874787	-0.409090909
65	0.207707507	0.454815998	-0.409090909
66	0.071157419	0.494910721	-0.409090909
67	-0.071157419	0.494910721	-0.409090909
68	-0.207707507	0.454815998	-0.409090909
69	-0.327430367	0.377874787	-0.409090909
70	-0.420626767	0.270320409	-0.409090909
71	-0.479746487	0.140866279	-0.409090909
72	-0.5	2.84E-16	-0.409090909
73	0.5	0	-0.490909091
74	0.479746487	0.140866279	-0.490909091
75	0.420626767	0.270320409	-0.490909091
76	0.327430367	0.377874787	-0.490909091
77	0.207707507	0.454815998	-0.490909091
78	0.071157419	0.494910721	-0.490909091
79	-0.071157419	0.494910721	-0.490909091
80	-0.207707507	0.454815998	-0.490909091
81	-0.327430367	0.377874787	-0.490909091
82	-0.420626767	0.270320409	-0.490909091
83	-0.479746487	0.140866279	-0.490909091
84	-0.5	2.84E-16	-0.490909091
85	0.5	0	-0.572727273
86	0.479746487	0.140866279	-0.572727273
87	0.420626767	0.270320409	-0.572727273
88	0.327430367	0.377874787	-0.572727273
89	0.207707507	0.454815998	-0.572727273
90	0.071157419	0.494910721	-0.572727273
91	-0.071157419	0.494910721	-0.572727273
92	-0.207707507	0.454815998	-0.572727273
93	-0.327430367	0.377874787	-0.572727273
94	-0.420626767	0.270320409	-0.572727273
95	-0.479746487	0.140866279	-0.572727273
96	-0.5	2.84E-16	-0.572727273
97	0.5	0	-0.654545455
98	0.479746487	0.140866279	-0.654545455
99	0.420626767	0.270320409	-0.654545455
100	0.327430367	0.377874787	-0.654545455
101	0.207707507	0.454815998	-0.654545455
102	0.071157419	0.494910721	-0.654545455
103	-0.071157419	0.494910721	-0.654545455
104	-0.207707507	0.454815998	-0.654545455
105	-0.327430367	0.377874787	-0.654545455
106	-0.420626767	0.270320409	-0.654545455
107	-0.479746487	0.140866279	-0.654545455
108	-0.5	2.84E-16	-0.654545455
109	0.5	0	-0.736363636
110	0.479746487	0.140866279	-0.736363636
111	0.420626767	0.270320409	-0.736363636
112	0.327430367	0.377874787	-0.736363636
113	0.207707507	0.454815998	-0.736363636
114	0.071157419	0.494910721	-0.736363636
115	-0.071157419	0.494910721	-0.736363636
116	-0.207707507	0.454815998	-0.736363636
117	-0.327430367	0.377874787	-0.736363636
118	-0.420626767	0.270320409	-0.736363636
119	-0.479746487	0.140866279	-0.736363636
120	-0.5	2.84E-16	-0.736363636
121	0.5	0	-0.818181818
122	0.479746487	0.140866279	-0.818181818
123	0.420626767	0.270320409	-0.818181818
124	0.327430367	0.377874787	-0.818181818
125	0.207707507	0.454815998	-0.818181818
126	0.071157419	0.494910721	-0.818181818
127	-0.071157419	0.494910721	-0.818181818
128	-0.207707507	0.454815998	-0.818181818
129	-0.327430367	0.377874787	-0.818181818
130	-0.420626767	0.270320409	-0.818181818
131	-0.479746487	0.140866279	-0.818181818
132	-0.5	2.84E-16	-0.818181818
133	0.5	0	-0.9
134	0.479746487	0.140866279	-0.9
135	0.420626767	0.270320409	-0.9
136	0.327430367	0.377874787	-0.9
137	0.207707507	0.454815998	-0.9
138	0.071157419	0.494910721	-0.9
139	-0.071157419	0.494910721	-0.9
140	-0.207707507	0.454815998	-0.9
141	-0.327430367	0.377874787	-0.9
142	-0.420626767	0.270320409	-0.9
143	-0.479746487	0.140866279	-0.9
144	-0.5	2.84E-16	-0.9
145	0.454545455	0	-0.9
146	0.43613317	0.128060253	-0.9
147	0.38238797	0.245745826	-0.9
148	0.29766397	0.343522534	-0.9
149	0.188825006	0.413469089	-0.9
150	0.064688563	0.449918837	-0.9
151	-0.064688563	0.449918837	-0.9
152	-0.188825006	0.413469089	-0.9
153	-0.29766397	0.343522534	-0.9
154	-0.38238797	0.245745826	-0.9
155	-0.43613317	0.128060253	-0.9
156	-0.454545455	2.58E-16	-0.9
157	0.409090909	0	-0.9
158	0.392519853	0.115254228	-0.9
159	0.344149173	0.221171244	-0.9
160	0.267897573	0.309170281	-0.9
161	0.169942506	0.37212218	-0.9
162	0.058219707	0.404926954	-0.9
163	-0.058219707	0.404926954	-0.9
164	-0.169942506	0.37212218	-0.9
165	-0.267897573	0.309170281	-0.9
166	-0.344149173	0.221171244	-0.9
167	-0.392519853	0.115254228	-0.9
168	-0.409090909	2.32E-16	-0.9
169	0.363636364	0	-0.9
170	0.348906536	0.102448203	-0.9
171	0.305910376	0.196596661	-0.9
172	0.238131176	0.274818027	-0.9
173	0.151060005	0.330775271	-0.9
174	0.051750851	0.35993507	-0.9
175	-0.051750851	0.35993507	-0.9
176	-0.151060005	0.330775271	-0.9
177	-0.238131176	0.274818027	-0.9
178	-0.305910376	0.196596661	-0.9
179	-0.348906536	0.102448203	-0.9
180	-0.363636364	2.06E-16	-0.9
181	0.318181818	0	-0.9
182	0.305293219	0.089642177	-0.9
183	0.267671579	0.172022079	-0.9
184	0.208364779	0.240465774	-0.9
185	0.132177504	0.289428362	-0.9
186	0.045281994	0.314943186	-0.9
187	-0.045281994	0.314943186	-0.9
188	-0.132177504	0.289428362	-0.9
189	-0.208364779	0.240465774	-0.9
190	-0.267671579	0.172022079	-0.9
191	-0.305293219	0.089642177	-0.9
192	-0.318181818	1.81E-16	-0.9
193	0.272727273	0	-0.9
194	0.261679902	0.076836152	-0.9
195	0.229432782	0.147447496	-0.9
196	0.178598382	0.206113521	-0.9
197	0.113295004	0.248081454	-0.9
198	0.038813138	0.269951303	-0.9
199	-0.038813138	0.269951303	-0.9
200	-0.113295004	0.248081454	-0.9
201	-0.178598382	0.206113521	-0.9
202	-0.229432782	0.147447496	-0.9
203	-0.261679902	0.076836152	-0.9
204	-0.272727273	1.55E-16	-0.9
205	0.227272728	0	-0.9
206	0.218066585	0.064030127	-0.9
207	0.191193985	0.122872913	-0.9
208	0.148831985	0.171761267	-0.9
209	0.094412503	0.206734545	-0.9
210	0.032344282	0.224959419	-0.9
211	-0.032344282	0.224959419	-0.9
212	-0.094412503	0.206734545	-0.9
213	-0.148831985	0.171761267	-0.9
214	-0.191193985	0.122872913	-0.9
215	-0.218066585	0.064030127	-0.9
216	-0.227272728	1.29E-16	-0.9
217	0.181818182	0	-0.9
218	0.174453268	0.051224101	-0.9
219	0.152955188	0.098298331	-0.9
220	0.119065588	0.137409014	-0.9
221	0.075530003	0.165387636	-0.9
222	0.025875425	0.179967535	-0.9
223	-0.025875425	0.179967535	-0.9
224	-0.075530003	0.165387636	-0.9
225	-0.119065588	0.137409014	-0.9
226	-0.152955188	0.098298331	-0.9
227	-0.174453268	0.051224101	-0.9
228	-0.181818182	1.03E-16	-0.9
229	0.136363637	0	-0.9
230	0.130839951	0.038418076	-0.9
231	0.114716391	0.073723748	-0.9
232	0.089299191	0.10305676	-0.9
233	0.056647502	0.124040727	-0.9
234	0.019406569	0.134975651	-0.9
235	-0.019406569	0.134975651	-0.9
236	-0.056647502	0.124040727	-0.9
237	-0.089299191	0.10305676	-0.9
238	-0.114716391	0.073723748	-0.9
239	-0.130839951	0.038418076	-0.9
240	-0.136363637	7.75E-17	-0.9
241	0.090909091	0	-0.9
242	0.087226634	0.025612051	-0.9
243	0.076477594	0.049149165	-0.9
244	0.059532794	0.068704507	-0.9
245	0.037765001	0.082693818	-0.9
246	0.012937713	0.089983768	-0.9
247	-0.012937713	0.089983768	-0.9
248	-0.037765001	0.082693818	-0.9
249	-0.059532794	0.068704507	-0.9
250	-0.076477594	0.049149165	-0.9
251	-0.087226634	0.025612051	-0.9
252	-0.090909091	5.15E-17	-0.9
253	0.045454546	0	-0.9
254	0.043613317	0.012806026	-0.9
255	0.038238797	0.024574583	-0.9
256	0.029766397	0.034352254	-0.9
257	0.018882501	0.041346909	-0.9
258	0.006468857	0.044991884	-0.9
259	-0.006468857	0.044991884	-0.9
260	-0.018882501	0.041346909	-0.9
261	-0.029766397	0.034352254	-0.9
262	-0.038238797	0.024574583	-0.9
263	-0.043613317	0.012806026	-0.9
264	-0.045454546	2.58E-17	-0.9
231			
13	14	2	1
14	15	3	2
15	16	4	3
16	17	5	4
17	18	6	5
18	19	7	6
19	20	8	7
20	21	9	8
21	22	10	9
22	23	11	10
23	24	12	11
25	26	14	13
26	27	15	14
27	28	16	15
28	29	17	16
29	30	18	17
30	31	19	18
31	32	20	19
32	33	21	20
33	34	22	21
34	35	23	22
35	36	24	23
37	38	26	25
38	39	27	26
39	40	28	27
40	41	29	28
41	42	30	29
42	43	31	30
43	44	32	31
44	45	33	32
45	46	34	33
46	47	35	34
47	48	36	35
49	50	38	37
50	51	39	38
51	52	40	39
52	53	41	40
53	54	42	41
54	55	43	42
55	56	44	43
56	57	45	44
57	58	46	45
58	59	47	46
59	60	48	47
61	62	50	49
62	63	51	50
63	64	52	51
64	65	53	52
65	66	54	53
66	67	55	54
67	68	56	55
68	69	57	56
69	70	58	57
70	71	59	58
71	72	60	59
73	74	62	61
74	75	63	62
75	76	64	63
76	77	65	64
77	78	66	65
78	79	67	66
79	80	68	67
80	81	69	68
81	82	70	69
82	83	71	70
83	84	72	71
85	86	74	73
86	87	75	74
87	88	76	75
88	89	77	76
89	90	78	77
90	91	79	78
91	92	80	79
92	93	81	80
93	94	82	81
94	95	83	82
95	96	84	83
97	98	86	85
98	99	87	86
99	100	88	87
100	101	89	88
101	102	90	89
102	103	91	90
103	104	92	91
104	105	93	92
105	106	94	93
106	107	95	94
107	108	96	95
109	110	98	97
110	111	99	98
111	112	100	99
112	113	101	100
113	114	102	101
114	115	103	102
115	116	104	103
116	117	105	104
117	118	106	105
118	119	107	106
119	120	108	107
121	122	110	109
122	123	111	110
123	124	112	111
124	125	113	112
125	126	114	113
126	127	115	114
127	128	116	115
128	129	117	116
129	130	118	117
130	131	119	118
131	132	120	119
133	134	122	121
134	135	123	122
135	136	124	123
136	137	125	124
137	138	126	125
138	139	127	126
139	140	128	127
140	141	129	128
141	142	130	129
142	143	131	130
143	144	132	131
145	146	134	133
146	147	135	134
147	148	136	135
148	149	137	136
149	150	138	137
150	151	139	138
151	152	140	139
152	153	141	140
153	154	142	141
154	155	143	142
155	156	144	143
157	158	146	145
158	159	147	146
159	160	148	147
160	161	149	148
161	162	150	149
162	163	151	150
163	164	152	151
164	165	153	152
165	166	154	153
166	167	155	154
167	168	156	155
169	170	158	157
170	171	159	158
171	172	160	159
172	173	161	160
173	174	162	161
174	175	163	162
175	176	164	163
176	177	165	164
177	178	166	165
178	179	167	166
179	180	168	167
181	182	170	169
182	183	171	170
183	184	172	171
184	185	173	172
185	186	174	173
186	187	175	174
187	188	176	175
188	189	177	176
189	190	178	177
190	191	179	178
191	192	180	179
193	194	182	181
194	195	183	182
195	196	184	183
196	197	185	184
197	198	186	185
198	199	187	186
199	200	188	187
200	201	189	188
201	202	190	189
202	203	191	190
203	204	192	191
205	206	194	193
206	207	195	194
207	208	196	195
208	209	197	196
209	210	198	197
210	211	199	198
211	212	200	199
212	213	201	200
213	214	202	201
214	215	203	202
215	216	204	203
217	218	206	205
218	219	207	206
219	220	208	207
220	221	209	208
221	222	210	209
222	223	211	210
223	224	212	211
224	225	213	212
225	226	214	213
226	227	215	214
227	228	216	215
229	230	218	217
230	231	219	218
231	232	220	219
232	233	221	220
233	234	222	221
234	235	223	222
235	236	224	223
236	237	225	224
237	238	226	225
238	239	227	226
239	240	228	227
241	242	230	229
242	243	231	230
243	244	232	231
244	245	233	232
245	246	234	233
246	247	235	234
247	248	236	235
248	249	237	236
249	250	238	237
250	251	239	238
251	252	240	239
253	254	242	241
254	255	243	242
255	256	244	243
256	257	245	244
257	258	246	245
258	259	247	246
259	260	248	247
260	261	249	248
261	262	250	249
262	263	251	250
263	264	252	251
